#
159
63
1
9
2 19
20 21
22 23
24 25
26 30
31 33
39 43
44 48
50 55
2.000000 164.000000 1.000000 0.000000 0.000000 0.000000 0.000000 0.000000 0.000000 0.000000 0.000000 0.000000 0.000000 0.000000 0.000000 0.000000 0.000000 0.000000 0.000000 0.000000 0.000000 1.000000 1.000000 0.000000 1.000000 0.000000 0.000000 0.000000 1.000000 0.000000 0.000000 0.000000 1.000000 0.000000 99.800000 176.600000 66.200000 54.300000 2337.000000 0.000000 0.000000 1.000000 0.000000 0.000000 0.000000 0.000000 1.000000 0.000000 0.000000 109.000000 0.000000 0.000000 0.000000 0.000000 1.000000 0.000000 3.190000 3.400000 10.000000 102.000000 5500.000000 24.000000 30.000000 13950.000000 
2.000000 164.000000 1.000000 0.000000 0.000000 0.000000 0.000000 0.000000 0.000000 0.000000 0.000000 0.000000 0.000000 0.000000 0.000000 0.000000 0.000000 0.000000 0.000000 0.000000 0.000000 1.000000 1.000000 0.000000 1.000000 0.000000 0.000000 0.000000 1.000000 0.000000 0.000000 1.000000 0.000000 0.000000 99.400000 176.600000 66.400000 54.300000 2824.000000 0.000000 0.000000 1.000000 0.000000 0.000000 0.000000 1.000000 0.000000 0.000000 0.000000 136.000000 0.000000 0.000000 0.000000 0.000000 1.000000 0.000000 3.190000 3.400000 8.000000 115.000000 5500.000000 18.000000 22.000000 17450.000000 
1.000000 158.000000 1.000000 0.000000 0.000000 0.000000 0.000000 0.000000 0.000000 0.000000 0.000000 0.000000 0.000000 0.000000 0.000000 0.000000 0.000000 0.000000 0.000000 0.000000 0.000000 1.000000 1.000000 0.000000 1.000000 0.000000 0.000000 0.000000 1.000000 0.000000 0.000000 0.000000 1.000000 0.000000 105.800000 192.700000 71.400000 55.700000 2844.000000 0.000000 0.000000 1.000000 0.000000 0.000000 0.000000 1.000000 0.000000 0.000000 0.000000 136.000000 0.000000 0.000000 0.000000 0.000000 1.000000 0.000000 3.190000 3.400000 8.500000 110.000000 5500.000000 19.000000 25.000000 17710.000000 
1.000000 158.000000 1.000000 0.000000 0.000000 0.000000 0.000000 0.000000 0.000000 0.000000 0.000000 0.000000 0.000000 0.000000 0.000000 0.000000 0.000000 0.000000 0.000000 0.000000 0.000000 1.000000 0.000000 1.000000 1.000000 0.000000 0.000000 0.000000 1.000000 0.000000 0.000000 0.000000 1.000000 0.000000 105.800000 192.700000 71.400000 55.900000 3086.000000 0.000000 0.000000 1.000000 0.000000 0.000000 0.000000 1.000000 0.000000 0.000000 0.000000 131.000000 0.000000 0.000000 0.000000 0.000000 1.000000 0.000000 3.130000 3.400000 8.300000 140.000000 5500.000000 17.000000 20.000000 23875.000000 
2.000000 192.000000 0.000000 1.000000 0.000000 0.000000 0.000000 0.000000 0.000000 0.000000 0.000000 0.000000 0.000000 0.000000 0.000000 0.000000 0.000000 0.000000 0.000000 0.000000 0.000000 1.000000 1.000000 0.000000 0.000000 1.000000 0.000000 0.000000 1.000000 0.000000 0.000000 0.000000 0.000000 1.000000 101.200000 176.800000 64.800000 54.300000 2395.000000 0.000000 0.000000 1.000000 0.000000 0.000000 0.000000 0.000000 1.000000 0.000000 0.000000 108.000000 0.000000 0.000000 0.000000 0.000000 1.000000 0.000000 3.500000 2.800000 8.800000 101.000000 5800.000000 23.000000 29.000000 16430.000000 
0.000000 192.000000 0.000000 1.000000 0.000000 0.000000 0.000000 0.000000 0.000000 0.000000 0.000000 0.000000 0.000000 0.000000 0.000000 0.000000 0.000000 0.000000 0.000000 0.000000 0.000000 1.000000 1.000000 0.000000 1.000000 0.000000 0.000000 0.000000 1.000000 0.000000 0.000000 0.000000 0.000000 1.000000 101.200000 176.800000 64.800000 54.300000 2395.000000 0.000000 0.000000 1.000000 0.000000 0.000000 0.000000 0.000000 1.000000 0.000000 0.000000 108.000000 0.000000 0.000000 0.000000 0.000000 1.000000 0.000000 3.500000 2.800000 8.800000 101.000000 5800.000000 23.000000 29.000000 16925.000000 
0.000000 188.000000 0.000000 1.000000 0.000000 0.000000 0.000000 0.000000 0.000000 0.000000 0.000000 0.000000 0.000000 0.000000 0.000000 0.000000 0.000000 0.000000 0.000000 0.000000 0.000000 1.000000 1.000000 0.000000 0.000000 1.000000 0.000000 0.000000 1.000000 0.000000 0.000000 0.000000 0.000000 1.000000 101.200000 176.800000 64.800000 54.300000 2710.000000 0.000000 0.000000 1.000000 0.000000 0.000000 0.000000 0.000000 0.000000 1.000000 0.000000 164.000000 0.000000 0.000000 0.000000 0.000000 1.000000 0.000000 3.310000 3.190000 9.000000 121.000000 4250.000000 21.000000 28.000000 20970.000000 
0.000000 188.000000 0.000000 1.000000 0.000000 0.000000 0.000000 0.000000 0.000000 0.000000 0.000000 0.000000 0.000000 0.000000 0.000000 0.000000 0.000000 0.000000 0.000000 0.000000 0.000000 1.000000 1.000000 0.000000 1.000000 0.000000 0.000000 0.000000 1.000000 0.000000 0.000000 0.000000 0.000000 1.000000 101.200000 176.800000 64.800000 54.300000 2765.000000 0.000000 0.000000 1.000000 0.000000 0.000000 0.000000 0.000000 0.000000 1.000000 0.000000 164.000000 0.000000 0.000000 0.000000 0.000000 1.000000 0.000000 3.310000 3.190000 9.000000 121.000000 4250.000000 21.000000 28.000000 21105.000000 
2.000000 121.000000 0.000000 0.000000 1.000000 0.000000 0.000000 0.000000 0.000000 0.000000 0.000000 0.000000 0.000000 0.000000 0.000000 0.000000 0.000000 0.000000 0.000000 0.000000 0.000000 1.000000 1.000000 0.000000 0.000000 1.000000 0.000000 0.000000 0.000000 1.000000 0.000000 0.000000 1.000000 0.000000 88.400000 141.100000 60.300000 53.200000 1488.000000 0.000000 1.000000 0.000000 0.000000 0.000000 0.000000 0.000000 0.000000 0.000000 1.000000 61.000000 0.000000 1.000000 0.000000 0.000000 0.000000 0.000000 2.910000 3.030000 9.500000 48.000000 5100.000000 47.000000 53.000000 5151.000000 
1.000000 98.000000 0.000000 0.000000 1.000000 0.000000 0.000000 0.000000 0.000000 0.000000 0.000000 0.000000 0.000000 0.000000 0.000000 0.000000 0.000000 0.000000 0.000000 0.000000 0.000000 1.000000 1.000000 0.000000 0.000000 1.000000 0.000000 0.000000 0.000000 1.000000 0.000000 0.000000 1.000000 0.000000 94.500000 155.900000 63.600000 52.000000 1874.000000 0.000000 0.000000 1.000000 0.000000 0.000000 0.000000 0.000000 1.000000 0.000000 0.000000 90.000000 0.000000 1.000000 0.000000 0.000000 0.000000 0.000000 3.030000 3.110000 9.600000 70.000000 5400.000000 38.000000 43.000000 6295.000000 
0.000000 81.000000 0.000000 0.000000 1.000000 0.000000 0.000000 0.000000 0.000000 0.000000 0.000000 0.000000 0.000000 0.000000 0.000000 0.000000 0.000000 0.000000 0.000000 0.000000 0.000000 1.000000 1.000000 0.000000 1.000000 0.000000 0.000000 0.000000 1.000000 0.000000 0.000000 0.000000 1.000000 0.000000 94.500000 158.800000 63.600000 52.000000 1909.000000 0.000000 0.000000 1.000000 0.000000 0.000000 0.000000 0.000000 1.000000 0.000000 0.000000 90.000000 0.000000 1.000000 0.000000 0.000000 0.000000 0.000000 3.030000 3.110000 9.600000 70.000000 5400.000000 38.000000 43.000000 6575.000000 
1.000000 118.000000 0.000000 0.000000 0.000000 1.000000 0.000000 0.000000 0.000000 0.000000 0.000000 0.000000 0.000000 0.000000 0.000000 0.000000 0.000000 0.000000 0.000000 0.000000 0.000000 1.000000 1.000000 0.000000 0.000000 1.000000 0.000000 0.000000 0.000000 1.000000 0.000000 0.000000 1.000000 0.000000 93.700000 157.300000 63.800000 50.800000 1876.000000 0.000000 0.000000 1.000000 0.000000 0.000000 0.000000 0.000000 1.000000 0.000000 0.000000 90.000000 0.000000 1.000000 0.000000 0.000000 0.000000 0.000000 2.970000 3.230000 9.410000 68.000000 5500.000000 37.000000 41.000000 5572.000000 
1.000000 118.000000 0.000000 0.000000 0.000000 1.000000 0.000000 0.000000 0.000000 0.000000 0.000000 0.000000 0.000000 0.000000 0.000000 0.000000 0.000000 0.000000 0.000000 0.000000 0.000000 1.000000 1.000000 0.000000 0.000000 1.000000 0.000000 0.000000 0.000000 1.000000 0.000000 0.000000 1.000000 0.000000 93.700000 157.300000 63.800000 50.800000 1876.000000 0.000000 0.000000 1.000000 0.000000 0.000000 0.000000 0.000000 1.000000 0.000000 0.000000 90.000000 0.000000 1.000000 0.000000 0.000000 0.000000 0.000000 2.970000 3.230000 9.400000 68.000000 5500.000000 31.000000 38.000000 6377.000000 
1.000000 118.000000 0.000000 0.000000 0.000000 1.000000 0.000000 0.000000 0.000000 0.000000 0.000000 0.000000 0.000000 0.000000 0.000000 0.000000 0.000000 0.000000 0.000000 0.000000 0.000000 1.000000 0.000000 1.000000 0.000000 1.000000 0.000000 0.000000 0.000000 1.000000 0.000000 0.000000 1.000000 0.000000 93.700000 157.300000 63.800000 50.800000 2128.000000 0.000000 0.000000 1.000000 0.000000 0.000000 0.000000 0.000000 1.000000 0.000000 0.000000 98.000000 0.000000 0.000000 0.000000 0.000000 1.000000 0.000000 3.030000 3.390000 7.600000 102.000000 5500.000000 24.000000 30.000000 7957.000000 
1.000000 148.000000 0.000000 0.000000 0.000000 1.000000 0.000000 0.000000 0.000000 0.000000 0.000000 0.000000 0.000000 0.000000 0.000000 0.000000 0.000000 0.000000 0.000000 0.000000 0.000000 1.000000 1.000000 0.000000 1.000000 0.000000 0.000000 0.000000 0.000000 1.000000 0.000000 0.000000 1.000000 0.000000 93.700000 157.300000 63.800000 50.600000 1967.000000 0.000000 0.000000 1.000000 0.000000 0.000000 0.000000 0.000000 1.000000 0.000000 0.000000 90.000000 0.000000 1.000000 0.000000 0.000000 0.000000 0.000000 2.970000 3.230000 9.400000 68.000000 5500.000000 31.000000 38.000000 6229.000000 
1.000000 148.000000 0.000000 0.000000 0.000000 1.000000 0.000000 0.000000 0.000000 0.000000 0.000000 0.000000 0.000000 0.000000 0.000000 0.000000 0.000000 0.000000 0.000000 0.000000 0.000000 1.000000 1.000000 0.000000 1.000000 0.000000 0.000000 0.000000 1.000000 0.000000 0.000000 0.000000 1.000000 0.000000 93.700000 157.300000 63.800000 50.600000 1989.000000 0.000000 0.000000 1.000000 0.000000 0.000000 0.000000 0.000000 1.000000 0.000000 0.000000 90.000000 0.000000 1.000000 0.000000 0.000000 0.000000 0.000000 2.970000 3.230000 9.400000 68.000000 5500.000000 31.000000 38.000000 6692.000000 
1.000000 148.000000 0.000000 0.000000 0.000000 1.000000 0.000000 0.000000 0.000000 0.000000 0.000000 0.000000 0.000000 0.000000 0.000000 0.000000 0.000000 0.000000 0.000000 0.000000 0.000000 1.000000 1.000000 0.000000 1.000000 0.000000 0.000000 0.000000 1.000000 0.000000 0.000000 0.000000 1.000000 0.000000 93.700000 157.300000 63.800000 50.600000 1989.000000 0.000000 0.000000 1.000000 0.000000 0.000000 0.000000 0.000000 1.000000 0.000000 0.000000 90.000000 0.000000 1.000000 0.000000 0.000000 0.000000 0.000000 2.970000 3.230000 9.400000 68.000000 5500.000000 31.000000 38.000000 7609.000000 
-1.000000 110.000000 0.000000 0.000000 0.000000 1.000000 0.000000 0.000000 0.000000 0.000000 0.000000 0.000000 0.000000 0.000000 0.000000 0.000000 0.000000 0.000000 0.000000 0.000000 0.000000 1.000000 1.000000 0.000000 1.000000 0.000000 0.000000 1.000000 0.000000 0.000000 0.000000 0.000000 1.000000 0.000000 103.300000 174.600000 64.600000 59.800000 2535.000000 0.000000 0.000000 1.000000 0.000000 0.000000 0.000000 0.000000 1.000000 0.000000 0.000000 122.000000 0.000000 1.000000 0.000000 0.000000 0.000000 0.000000 3.340000 3.460000 8.500000 88.000000 5000.000000 24.000000 30.000000 8921.000000 
3.000000 145.000000 0.000000 0.000000 0.000000 1.000000 0.000000 0.000000 0.000000 0.000000 0.000000 0.000000 0.000000 0.000000 0.000000 0.000000 0.000000 0.000000 0.000000 0.000000 0.000000 1.000000 0.000000 1.000000 0.000000 1.000000 0.000000 0.000000 0.000000 1.000000 0.000000 0.000000 1.000000 0.000000 95.900000 173.200000 66.300000 50.200000 2811.000000 0.000000 0.000000 1.000000 0.000000 0.000000 0.000000 0.000000 1.000000 0.000000 0.000000 156.000000 0.000000 0.000000 0.000000 1.000000 0.000000 0.000000 3.600000 3.900000 7.000000 145.000000 5000.000000 19.000000 24.000000 12964.000000 
2.000000 137.000000 0.000000 0.000000 0.000000 0.000000 1.000000 0.000000 0.000000 0.000000 0.000000 0.000000 0.000000 0.000000 0.000000 0.000000 0.000000 0.000000 0.000000 0.000000 0.000000 1.000000 1.000000 0.000000 0.000000 1.000000 0.000000 0.000000 0.000000 1.000000 0.000000 0.000000 1.000000 0.000000 86.600000 144.600000 63.900000 50.800000 1713.000000 0.000000 0.000000 1.000000 0.000000 0.000000 0.000000 0.000000 1.000000 0.000000 0.000000 92.000000 1.000000 0.000000 0.000000 0.000000 0.000000 0.000000 2.910000 3.410000 9.600000 58.000000 4800.000000 49.000000 54.000000 6479.000000 
2.000000 137.000000 0.000000 0.000000 0.000000 0.000000 1.000000 0.000000 0.000000 0.000000 0.000000 0.000000 0.000000 0.000000 0.000000 0.000000 0.000000 0.000000 0.000000 0.000000 0.000000 1.000000 1.000000 0.000000 0.000000 1.000000 0.000000 0.000000 0.000000 1.000000 0.000000 0.000000 1.000000 0.000000 86.600000 144.600000 63.900000 50.800000 1819.000000 0.000000 0.000000 1.000000 0.000000 0.000000 0.000000 0.000000 1.000000 0.000000 0.000000 92.000000 1.000000 0.000000 0.000000 0.000000 0.000000 0.000000 2.910000 3.410000 9.200000 76.000000 6000.000000 31.000000 38.000000 6855.000000 
1.000000 101.000000 0.000000 0.000000 0.000000 0.000000 1.000000 0.000000 0.000000 0.000000 0.000000 0.000000 0.000000 0.000000 0.000000 0.000000 0.000000 0.000000 0.000000 0.000000 0.000000 1.000000 1.000000 0.000000 0.000000 1.000000 0.000000 0.000000 0.000000 1.000000 0.000000 0.000000 1.000000 0.000000 93.700000 150.000000 64.000000 52.600000 1837.000000 0.000000 0.000000 1.000000 0.000000 0.000000 0.000000 0.000000 1.000000 0.000000 0.000000 79.000000 1.000000 0.000000 0.000000 0.000000 0.000000 0.000000 2.910000 3.070000 10.100000 60.000000 5500.000000 38.000000 42.000000 5399.000000 
1.000000 101.000000 0.000000 0.000000 0.000000 0.000000 1.000000 0.000000 0.000000 0.000000 0.000000 0.000000 0.000000 0.000000 0.000000 0.000000 0.000000 0.000000 0.000000 0.000000 0.000000 1.000000 1.000000 0.000000 0.000000 1.000000 0.000000 0.000000 0.000000 1.000000 0.000000 0.000000 1.000000 0.000000 93.700000 150.000000 64.000000 52.600000 1940.000000 0.000000 0.000000 1.000000 0.000000 0.000000 0.000000 0.000000 1.000000 0.000000 0.000000 92.000000 1.000000 0.000000 0.000000 0.000000 0.000000 0.000000 2.910000 3.410000 9.200000 76.000000 6000.000000 30.000000 34.000000 6529.000000 
1.000000 101.000000 0.000000 0.000000 0.000000 0.000000 1.000000 0.000000 0.000000 0.000000 0.000000 0.000000 0.000000 0.000000 0.000000 0.000000 0.000000 0.000000 0.000000 0.000000 0.000000 1.000000 1.000000 0.000000 0.000000 1.000000 0.000000 0.000000 0.000000 1.000000 0.000000 0.000000 1.000000 0.000000 93.700000 150.000000 64.000000 52.600000 1956.000000 0.000000 0.000000 1.000000 0.000000 0.000000 0.000000 0.000000 1.000000 0.000000 0.000000 92.000000 1.000000 0.000000 0.000000 0.000000 0.000000 0.000000 2.910000 3.410000 9.200000 76.000000 6000.000000 30.000000 34.000000 7129.000000 
0.000000 110.000000 0.000000 0.000000 0.000000 0.000000 1.000000 0.000000 0.000000 0.000000 0.000000 0.000000 0.000000 0.000000 0.000000 0.000000 0.000000 0.000000 0.000000 0.000000 0.000000 1.000000 1.000000 0.000000 1.000000 0.000000 0.000000 0.000000 1.000000 0.000000 0.000000 0.000000 1.000000 0.000000 96.500000 163.400000 64.000000 54.500000 2010.000000 0.000000 0.000000 1.000000 0.000000 0.000000 0.000000 0.000000 1.000000 0.000000 0.000000 92.000000 1.000000 0.000000 0.000000 0.000000 0.000000 0.000000 2.910000 3.410000 9.200000 76.000000 6000.000000 30.000000 34.000000 7295.000000 
0.000000 78.000000 0.000000 0.000000 0.000000 0.000000 1.000000 0.000000 0.000000 0.000000 0.000000 0.000000 0.000000 0.000000 0.000000 0.000000 0.000000 0.000000 0.000000 0.000000 0.000000 1.000000 1.000000 0.000000 1.000000 0.000000 0.000000 1.000000 0.000000 0.000000 0.000000 0.000000 1.000000 0.000000 96.500000 157.100000 63.900000 58.300000 2024.000000 0.000000 0.000000 1.000000 0.000000 0.000000 0.000000 0.000000 1.000000 0.000000 0.000000 92.000000 1.000000 0.000000 0.000000 0.000000 0.000000 0.000000 2.920000 3.410000 9.200000 76.000000 6000.000000 30.000000 34.000000 7295.000000 
0.000000 106.000000 0.000000 0.000000 0.000000 0.000000 1.000000 0.000000 0.000000 0.000000 0.000000 0.000000 0.000000 0.000000 0.000000 0.000000 0.000000 0.000000 0.000000 0.000000 0.000000 1.000000 1.000000 0.000000 0.000000 1.000000 0.000000 0.000000 0.000000 1.000000 0.000000 0.000000 1.000000 0.000000 96.500000 167.500000 65.200000 53.300000 2236.000000 0.000000 0.000000 1.000000 0.000000 0.000000 0.000000 0.000000 1.000000 0.000000 0.000000 110.000000 1.000000 0.000000 0.000000 0.000000 0.000000 0.000000 3.150000 3.580000 9.000000 86.000000 5800.000000 27.000000 33.000000 7895.000000 
0.000000 106.000000 0.000000 0.000000 0.000000 0.000000 1.000000 0.000000 0.000000 0.000000 0.000000 0.000000 0.000000 0.000000 0.000000 0.000000 0.000000 0.000000 0.000000 0.000000 0.000000 1.000000 1.000000 0.000000 0.000000 1.000000 0.000000 0.000000 0.000000 1.000000 0.000000 0.000000 1.000000 0.000000 96.500000 167.500000 65.200000 53.300000 2289.000000 0.000000 0.000000 1.000000 0.000000 0.000000 0.000000 0.000000 1.000000 0.000000 0.000000 110.000000 1.000000 0.000000 0.000000 0.000000 0.000000 0.000000 3.150000 3.580000 9.000000 86.000000 5800.000000 27.000000 33.000000 9095.000000 
0.000000 85.000000 0.000000 0.000000 0.000000 0.000000 1.000000 0.000000 0.000000 0.000000 0.000000 0.000000 0.000000 0.000000 0.000000 0.000000 0.000000 0.000000 0.000000 0.000000 0.000000 1.000000 1.000000 0.000000 1.000000 0.000000 0.000000 0.000000 1.000000 0.000000 0.000000 0.000000 1.000000 0.000000 96.500000 175.400000 65.200000 54.100000 2304.000000 0.000000 0.000000 1.000000 0.000000 0.000000 0.000000 0.000000 1.000000 0.000000 0.000000 110.000000 1.000000 0.000000 0.000000 0.000000 0.000000 0.000000 3.150000 3.580000 9.000000 86.000000 5800.000000 27.000000 33.000000 8845.000000 
0.000000 85.000000 0.000000 0.000000 0.000000 0.000000 1.000000 0.000000 0.000000 0.000000 0.000000 0.000000 0.000000 0.000000 0.000000 0.000000 0.000000 0.000000 0.000000 0.000000 0.000000 1.000000 1.000000 0.000000 1.000000 0.000000 0.000000 0.000000 1.000000 0.000000 0.000000 0.000000 1.000000 0.000000 96.500000 175.400000 62.500000 54.100000 2372.000000 0.000000 0.000000 1.000000 0.000000 0.000000 0.000000 0.000000 1.000000 0.000000 0.000000 110.000000 1.000000 0.000000 0.000000 0.000000 0.000000 0.000000 3.150000 3.580000 9.000000 86.000000 5800.000000 27.000000 33.000000 10295.000000 
0.000000 85.000000 0.000000 0.000000 0.000000 0.000000 1.000000 0.000000 0.000000 0.000000 0.000000 0.000000 0.000000 0.000000 0.000000 0.000000 0.000000 0.000000 0.000000 0.000000 0.000000 1.000000 1.000000 0.000000 1.000000 0.000000 0.000000 0.000000 1.000000 0.000000 0.000000 0.000000 1.000000 0.000000 96.500000 175.400000 65.200000 54.100000 2465.000000 0.000000 0.000000 1.000000 0.000000 0.000000 0.000000 0.000000 1.000000 0.000000 0.000000 110.000000 0.000000 0.000000 0.000000 0.000000 1.000000 0.000000 3.150000 3.580000 9.000000 101.000000 5800.000000 24.000000 28.000000 12945.000000 
1.000000 107.000000 0.000000 0.000000 0.000000 0.000000 1.000000 0.000000 0.000000 0.000000 0.000000 0.000000 0.000000 0.000000 0.000000 0.000000 0.000000 0.000000 0.000000 0.000000 0.000000 1.000000 1.000000 0.000000 0.000000 1.000000 0.000000 0.000000 1.000000 0.000000 0.000000 0.000000 1.000000 0.000000 96.500000 169.100000 66.000000 51.000000 2293.000000 0.000000 0.000000 1.000000 0.000000 0.000000 0.000000 0.000000 1.000000 0.000000 0.000000 110.000000 0.000000 1.000000 0.000000 0.000000 0.000000 0.000000 3.150000 3.580000 9.100000 100.000000 5500.000000 25.000000 31.000000 10345.000000 
0.000000 145.000000 0.000000 0.000000 0.000000 0.000000 0.000000 1.000000 0.000000 0.000000 0.000000 0.000000 0.000000 0.000000 0.000000 0.000000 0.000000 0.000000 0.000000 0.000000 0.000000 1.000000 1.000000 0.000000 1.000000 0.000000 0.000000 0.000000 1.000000 0.000000 0.000000 0.000000 0.000000 1.000000 113.000000 199.600000 69.600000 52.800000 4066.000000 1.000000 0.000000 0.000000 0.000000 0.000000 0.000000 0.000000 0.000000 1.000000 0.000000 258.000000 0.000000 0.000000 0.000000 0.000000 1.000000 0.000000 3.630000 4.170000 8.100000 176.000000 4750.000000 15.000000 19.000000 32250.000000 
1.000000 104.000000 0.000000 0.000000 0.000000 0.000000 0.000000 0.000000 1.000000 0.000000 0.000000 0.000000 0.000000 0.000000 0.000000 0.000000 0.000000 0.000000 0.000000 0.000000 0.000000 1.000000 1.000000 0.000000 0.000000 1.000000 0.000000 0.000000 0.000000 1.000000 0.000000 0.000000 1.000000 0.000000 93.100000 159.100000 64.200000 54.100000 1890.000000 0.000000 0.000000 1.000000 0.000000 0.000000 0.000000 0.000000 1.000000 0.000000 0.000000 91.000000 0.000000 1.000000 0.000000 0.000000 0.000000 0.000000 3.030000 3.150000 9.000000 68.000000 5000.000000 30.000000 31.000000 5195.000000 
1.000000 104.000000 0.000000 0.000000 0.000000 0.000000 0.000000 0.000000 1.000000 0.000000 0.000000 0.000000 0.000000 0.000000 0.000000 0.000000 0.000000 0.000000 0.000000 0.000000 0.000000 1.000000 1.000000 0.000000 0.000000 1.000000 0.000000 0.000000 0.000000 1.000000 0.000000 0.000000 1.000000 0.000000 93.100000 159.100000 64.200000 54.100000 1900.000000 0.000000 0.000000 1.000000 0.000000 0.000000 0.000000 0.000000 1.000000 0.000000 0.000000 91.000000 0.000000 1.000000 0.000000 0.000000 0.000000 0.000000 3.030000 3.150000 9.000000 68.000000 5000.000000 31.000000 38.000000 6095.000000 
1.000000 104.000000 0.000000 0.000000 0.000000 0.000000 0.000000 0.000000 1.000000 0.000000 0.000000 0.000000 0.000000 0.000000 0.000000 0.000000 0.000000 0.000000 0.000000 0.000000 0.000000 1.000000 1.000000 0.000000 0.000000 1.000000 0.000000 0.000000 0.000000 1.000000 0.000000 0.000000 1.000000 0.000000 93.100000 159.100000 64.200000 54.100000 1905.000000 0.000000 0.000000 1.000000 0.000000 0.000000 0.000000 0.000000 1.000000 0.000000 0.000000 91.000000 0.000000 1.000000 0.000000 0.000000 0.000000 0.000000 3.030000 3.150000 9.000000 68.000000 5000.000000 31.000000 38.000000 6795.000000 
1.000000 113.000000 0.000000 0.000000 0.000000 0.000000 0.000000 0.000000 1.000000 0.000000 0.000000 0.000000 0.000000 0.000000 0.000000 0.000000 0.000000 0.000000 0.000000 0.000000 0.000000 1.000000 1.000000 0.000000 1.000000 0.000000 0.000000 0.000000 1.000000 0.000000 0.000000 0.000000 1.000000 0.000000 93.100000 166.800000 64.200000 54.100000 1945.000000 0.000000 0.000000 1.000000 0.000000 0.000000 0.000000 0.000000 1.000000 0.000000 0.000000 91.000000 0.000000 1.000000 0.000000 0.000000 0.000000 0.000000 3.030000 3.150000 9.000000 68.000000 5000.000000 31.000000 38.000000 6695.000000 
1.000000 113.000000 0.000000 0.000000 0.000000 0.000000 0.000000 0.000000 1.000000 0.000000 0.000000 0.000000 0.000000 0.000000 0.000000 0.000000 0.000000 0.000000 0.000000 0.000000 0.000000 1.000000 1.000000 0.000000 1.000000 0.000000 0.000000 0.000000 1.000000 0.000000 0.000000 0.000000 1.000000 0.000000 93.100000 166.800000 64.200000 54.100000 1950.000000 0.000000 0.000000 1.000000 0.000000 0.000000 0.000000 0.000000 1.000000 0.000000 0.000000 91.000000 0.000000 1.000000 0.000000 0.000000 0.000000 0.000000 3.080000 3.150000 9.000000 68.000000 5000.000000 31.000000 38.000000 7395.000000 
1.000000 129.000000 0.000000 0.000000 0.000000 0.000000 0.000000 0.000000 1.000000 0.000000 0.000000 0.000000 0.000000 0.000000 0.000000 0.000000 0.000000 0.000000 0.000000 0.000000 0.000000 1.000000 1.000000 0.000000 0.000000 1.000000 0.000000 0.000000 0.000000 1.000000 0.000000 0.000000 1.000000 0.000000 98.800000 177.800000 66.500000 53.700000 2385.000000 0.000000 0.000000 1.000000 0.000000 0.000000 0.000000 0.000000 1.000000 0.000000 0.000000 122.000000 0.000000 1.000000 0.000000 0.000000 0.000000 0.000000 3.390000 3.390000 8.600000 84.000000 4800.000000 26.000000 32.000000 8845.000000 
0.000000 115.000000 0.000000 0.000000 0.000000 0.000000 0.000000 0.000000 1.000000 0.000000 0.000000 0.000000 0.000000 0.000000 0.000000 0.000000 0.000000 0.000000 0.000000 0.000000 0.000000 1.000000 1.000000 0.000000 1.000000 0.000000 0.000000 0.000000 1.000000 0.000000 0.000000 0.000000 1.000000 0.000000 98.800000 177.800000 66.500000 55.500000 2410.000000 0.000000 0.000000 1.000000 0.000000 0.000000 0.000000 0.000000 1.000000 0.000000 0.000000 122.000000 0.000000 1.000000 0.000000 0.000000 0.000000 0.000000 3.390000 3.390000 8.600000 84.000000 4800.000000 26.000000 32.000000 8495.000000 
1.000000 129.000000 0.000000 0.000000 0.000000 0.000000 0.000000 0.000000 1.000000 0.000000 0.000000 0.000000 0.000000 0.000000 0.000000 0.000000 0.000000 0.000000 0.000000 0.000000 0.000000 1.000000 1.000000 0.000000 0.000000 1.000000 0.000000 0.000000 0.000000 1.000000 0.000000 0.000000 1.000000 0.000000 98.800000 177.800000 66.500000 53.700000 2385.000000 0.000000 0.000000 1.000000 0.000000 0.000000 0.000000 0.000000 1.000000 0.000000 0.000000 122.000000 0.000000 1.000000 0.000000 0.000000 0.000000 0.000000 3.390000 3.390000 8.600000 84.000000 4800.000000 26.000000 32.000000 10595.000000 
0.000000 115.000000 0.000000 0.000000 0.000000 0.000000 0.000000 0.000000 1.000000 0.000000 0.000000 0.000000 0.000000 0.000000 0.000000 0.000000 0.000000 0.000000 0.000000 0.000000 0.000000 1.000000 1.000000 0.000000 1.000000 0.000000 0.000000 0.000000 1.000000 0.000000 0.000000 0.000000 1.000000 0.000000 98.800000 177.800000 66.500000 55.500000 2410.000000 0.000000 0.000000 1.000000 0.000000 0.000000 0.000000 0.000000 1.000000 0.000000 0.000000 122.000000 0.000000 1.000000 0.000000 0.000000 0.000000 0.000000 3.390000 3.390000 8.600000 84.000000 4800.000000 26.000000 32.000000 10245.000000 
0.000000 115.000000 0.000000 0.000000 0.000000 0.000000 0.000000 0.000000 1.000000 0.000000 0.000000 0.000000 0.000000 0.000000 0.000000 0.000000 0.000000 0.000000 0.000000 0.000000 0.000000 1.000000 1.000000 0.000000 1.000000 0.000000 0.000000 0.000000 0.000000 1.000000 0.000000 0.000000 1.000000 0.000000 98.800000 177.800000 66.500000 55.500000 2425.000000 0.000000 0.000000 1.000000 0.000000 0.000000 0.000000 0.000000 1.000000 0.000000 0.000000 122.000000 0.000000 1.000000 0.000000 0.000000 0.000000 0.000000 3.390000 3.390000 8.600000 84.000000 4800.000000 26.000000 32.000000 11245.000000 
0.000000 118.000000 0.000000 0.000000 0.000000 0.000000 0.000000 0.000000 1.000000 0.000000 0.000000 0.000000 0.000000 0.000000 0.000000 0.000000 0.000000 0.000000 0.000000 0.000000 0.000000 1.000000 1.000000 0.000000 1.000000 0.000000 0.000000 0.000000 1.000000 0.000000 0.000000 0.000000 0.000000 1.000000 104.900000 175.000000 66.100000 54.400000 2670.000000 0.000000 0.000000 1.000000 0.000000 0.000000 0.000000 0.000000 1.000000 0.000000 0.000000 140.000000 0.000000 0.000000 0.000000 0.000000 1.000000 0.000000 3.760000 3.160000 8.000000 120.000000 5000.000000 19.000000 27.000000 18280.000000 
-1.000000 93.000000 0.000000 0.000000 0.000000 0.000000 0.000000 0.000000 0.000000 1.000000 0.000000 0.000000 0.000000 0.000000 0.000000 0.000000 0.000000 0.000000 0.000000 0.000000 1.000000 0.000000 0.000000 1.000000 1.000000 0.000000 0.000000 0.000000 1.000000 0.000000 0.000000 0.000000 0.000000 1.000000 110.000000 190.900000 70.300000 56.500000 3515.000000 0.000000 0.000000 1.000000 0.000000 0.000000 0.000000 1.000000 0.000000 0.000000 0.000000 183.000000 0.000000 0.000000 1.000000 0.000000 0.000000 0.000000 3.580000 3.640000 21.500000 123.000000 4350.000000 22.000000 25.000000 25552.000000 
-1.000000 93.000000 0.000000 0.000000 0.000000 0.000000 0.000000 0.000000 0.000000 1.000000 0.000000 0.000000 0.000000 0.000000 0.000000 0.000000 0.000000 0.000000 0.000000 0.000000 1.000000 0.000000 0.000000 1.000000 1.000000 0.000000 0.000000 1.000000 0.000000 0.000000 0.000000 0.000000 0.000000 1.000000 110.000000 190.900000 70.300000 58.700000 3750.000000 0.000000 0.000000 1.000000 0.000000 0.000000 0.000000 1.000000 0.000000 0.000000 0.000000 183.000000 0.000000 0.000000 1.000000 0.000000 0.000000 0.000000 3.580000 3.640000 21.500000 123.000000 4350.000000 22.000000 25.000000 28248.000000 
0.000000 93.000000 0.000000 0.000000 0.000000 0.000000 0.000000 0.000000 0.000000 1.000000 0.000000 0.000000 0.000000 0.000000 0.000000 0.000000 0.000000 0.000000 0.000000 0.000000 1.000000 0.000000 0.000000 1.000000 0.000000 1.000000 1.000000 0.000000 0.000000 0.000000 0.000000 0.000000 0.000000 1.000000 106.700000 187.500000 70.300000 54.900000 3495.000000 0.000000 0.000000 1.000000 0.000000 0.000000 0.000000 1.000000 0.000000 0.000000 0.000000 183.000000 0.000000 0.000000 1.000000 0.000000 0.000000 0.000000 3.580000 3.640000 21.500000 123.000000 4350.000000 22.000000 25.000000 28176.000000 
-1.000000 93.000000 0.000000 0.000000 0.000000 0.000000 0.000000 0.000000 0.000000 1.000000 0.000000 0.000000 0.000000 0.000000 0.000000 0.000000 0.000000 0.000000 0.000000 0.000000 1.000000 0.000000 0.000000 1.000000 1.000000 0.000000 0.000000 0.000000 1.000000 0.000000 0.000000 0.000000 0.000000 1.000000 115.600000 202.600000 71.700000 56.300000 3770.000000 0.000000 0.000000 1.000000 0.000000 0.000000 0.000000 1.000000 0.000000 0.000000 0.000000 183.000000 0.000000 0.000000 1.000000 0.000000 0.000000 0.000000 3.580000 3.640000 21.500000 123.000000 4350.000000 22.000000 25.000000 31600.000000 
3.000000 142.000000 0.000000 0.000000 0.000000 0.000000 0.000000 0.000000 0.000000 1.000000 0.000000 0.000000 0.000000 0.000000 0.000000 0.000000 0.000000 0.000000 0.000000 0.000000 0.000000 1.000000 1.000000 0.000000 0.000000 1.000000 0.000000 0.000000 0.000000 0.000000 1.000000 0.000000 0.000000 1.000000 96.600000 180.300000 70.500000 50.800000 3685.000000 0.000000 0.000000 0.000000 0.000000 1.000000 1.000000 0.000000 0.000000 0.000000 0.000000 234.000000 0.000000 0.000000 0.000000 0.000000 1.000000 0.000000 3.460000 3.100000 8.300000 155.000000 4750.000000 16.000000 18.000000 35056.000000 
2.000000 161.000000 0.000000 0.000000 0.000000 0.000000 0.000000 0.000000 0.000000 0.000000 1.000000 0.000000 0.000000 0.000000 0.000000 0.000000 0.000000 0.000000 0.000000 0.000000 0.000000 1.000000 1.000000 0.000000 0.000000 1.000000 0.000000 0.000000 0.000000 1.000000 0.000000 0.000000 1.000000 0.000000 93.700000 157.300000 64.400000 50.800000 1918.000000 0.000000 0.000000 1.000000 0.000000 0.000000 0.000000 0.000000 1.000000 0.000000 0.000000 92.000000 0.000000 1.000000 0.000000 0.000000 0.000000 0.000000 2.970000 3.230000 9.400000 68.000000 5500.000000 37.000000 41.000000 5389.000000 
2.000000 161.000000 0.000000 0.000000 0.000000 0.000000 0.000000 0.000000 0.000000 0.000000 1.000000 0.000000 0.000000 0.000000 0.000000 0.000000 0.000000 0.000000 0.000000 0.000000 0.000000 1.000000 1.000000 0.000000 0.000000 1.000000 0.000000 0.000000 0.000000 1.000000 0.000000 0.000000 1.000000 0.000000 93.700000 157.300000 64.400000 50.800000 1944.000000 0.000000 0.000000 1.000000 0.000000 0.000000 0.000000 0.000000 1.000000 0.000000 0.000000 92.000000 0.000000 1.000000 0.000000 0.000000 0.000000 0.000000 2.970000 3.230000 9.400000 68.000000 5500.000000 31.000000 38.000000 6189.000000 
2.000000 161.000000 0.000000 0.000000 0.000000 0.000000 0.000000 0.000000 0.000000 0.000000 1.000000 0.000000 0.000000 0.000000 0.000000 0.000000 0.000000 0.000000 0.000000 0.000000 0.000000 1.000000 1.000000 0.000000 0.000000 1.000000 0.000000 0.000000 0.000000 1.000000 0.000000 0.000000 1.000000 0.000000 93.700000 157.300000 64.400000 50.800000 2004.000000 0.000000 0.000000 1.000000 0.000000 0.000000 0.000000 0.000000 1.000000 0.000000 0.000000 92.000000 0.000000 1.000000 0.000000 0.000000 0.000000 0.000000 2.970000 3.230000 9.400000 68.000000 5500.000000 31.000000 38.000000 6669.000000 
1.000000 161.000000 0.000000 0.000000 0.000000 0.000000 0.000000 0.000000 0.000000 0.000000 1.000000 0.000000 0.000000 0.000000 0.000000 0.000000 0.000000 0.000000 0.000000 0.000000 0.000000 1.000000 0.000000 1.000000 0.000000 1.000000 0.000000 0.000000 0.000000 1.000000 0.000000 0.000000 1.000000 0.000000 93.000000 157.300000 63.800000 50.800000 2145.000000 0.000000 0.000000 1.000000 0.000000 0.000000 0.000000 0.000000 1.000000 0.000000 0.000000 98.000000 0.000000 0.000000 0.000000 0.000000 0.000000 1.000000 3.030000 3.390000 7.600000 102.000000 5500.000000 24.000000 30.000000 7689.000000 
3.000000 153.000000 0.000000 0.000000 0.000000 0.000000 0.000000 0.000000 0.000000 0.000000 1.000000 0.000000 0.000000 0.000000 0.000000 0.000000 0.000000 0.000000 0.000000 0.000000 0.000000 1.000000 0.000000 1.000000 0.000000 1.000000 0.000000 0.000000 0.000000 1.000000 0.000000 0.000000 1.000000 0.000000 96.300000 173.000000 65.400000 49.400000 2370.000000 0.000000 0.000000 1.000000 0.000000 0.000000 0.000000 0.000000 1.000000 0.000000 0.000000 110.000000 0.000000 0.000000 0.000000 0.000000 0.000000 1.000000 3.170000 3.460000 7.500000 116.000000 5500.000000 23.000000 30.000000 9959.000000 
3.000000 153.000000 0.000000 0.000000 0.000000 0.000000 0.000000 0.000000 0.000000 0.000000 1.000000 0.000000 0.000000 0.000000 0.000000 0.000000 0.000000 0.000000 0.000000 0.000000 0.000000 1.000000 1.000000 0.000000 0.000000 1.000000 0.000000 0.000000 0.000000 1.000000 0.000000 0.000000 1.000000 0.000000 96.300000 173.000000 65.400000 49.400000 2328.000000 0.000000 0.000000 1.000000 0.000000 0.000000 0.000000 0.000000 1.000000 0.000000 0.000000 122.000000 0.000000 1.000000 0.000000 0.000000 0.000000 0.000000 3.350000 3.460000 8.500000 88.000000 5000.000000 25.000000 32.000000 8499.000000 
1.000000 125.000000 0.000000 0.000000 0.000000 0.000000 0.000000 0.000000 0.000000 0.000000 1.000000 0.000000 0.000000 0.000000 0.000000 0.000000 0.000000 0.000000 0.000000 0.000000 0.000000 1.000000 1.000000 0.000000 1.000000 0.000000 0.000000 0.000000 1.000000 0.000000 0.000000 0.000000 1.000000 0.000000 96.300000 172.400000 65.400000 51.600000 2365.000000 0.000000 0.000000 1.000000 0.000000 0.000000 0.000000 0.000000 1.000000 0.000000 0.000000 122.000000 0.000000 1.000000 0.000000 0.000000 0.000000 0.000000 3.350000 3.460000 8.500000 88.000000 5000.000000 25.000000 32.000000 6989.000000 
1.000000 125.000000 0.000000 0.000000 0.000000 0.000000 0.000000 0.000000 0.000000 0.000000 1.000000 0.000000 0.000000 0.000000 0.000000 0.000000 0.000000 0.000000 0.000000 0.000000 0.000000 1.000000 1.000000 0.000000 1.000000 0.000000 0.000000 0.000000 1.000000 0.000000 0.000000 0.000000 1.000000 0.000000 96.300000 172.400000 65.400000 51.600000 2405.000000 0.000000 0.000000 1.000000 0.000000 0.000000 0.000000 0.000000 1.000000 0.000000 0.000000 122.000000 0.000000 1.000000 0.000000 0.000000 0.000000 0.000000 3.350000 3.460000 8.500000 88.000000 5000.000000 25.000000 32.000000 8189.000000 
1.000000 125.000000 0.000000 0.000000 0.000000 0.000000 0.000000 0.000000 0.000000 0.000000 1.000000 0.000000 0.000000 0.000000 0.000000 0.000000 0.000000 0.000000 0.000000 0.000000 0.000000 1.000000 0.000000 1.000000 1.000000 0.000000 0.000000 0.000000 1.000000 0.000000 0.000000 0.000000 1.000000 0.000000 96.300000 172.400000 65.400000 51.600000 2403.000000 0.000000 0.000000 1.000000 0.000000 0.000000 0.000000 0.000000 1.000000 0.000000 0.000000 110.000000 0.000000 0.000000 0.000000 0.000000 0.000000 1.000000 3.170000 3.460000 7.500000 116.000000 5500.000000 23.000000 30.000000 9279.000000 
-1.000000 137.000000 0.000000 0.000000 0.000000 0.000000 0.000000 0.000000 0.000000 0.000000 1.000000 0.000000 0.000000 0.000000 0.000000 0.000000 0.000000 0.000000 0.000000 0.000000 0.000000 1.000000 1.000000 0.000000 1.000000 0.000000 0.000000 0.000000 1.000000 0.000000 0.000000 0.000000 1.000000 0.000000 96.300000 172.400000 65.400000 51.600000 2403.000000 0.000000 0.000000 1.000000 0.000000 0.000000 0.000000 0.000000 1.000000 0.000000 0.000000 110.000000 0.000000 0.000000 0.000000 0.000000 0.000000 1.000000 3.170000 3.460000 7.500000 116.000000 5500.000000 23.000000 30.000000 9279.000000 
1.000000 128.000000 0.000000 0.000000 0.000000 0.000000 0.000000 0.000000 0.000000 0.000000 0.000000 1.000000 0.000000 0.000000 0.000000 0.000000 0.000000 0.000000 0.000000 0.000000 0.000000 1.000000 1.000000 0.000000 0.000000 1.000000 0.000000 0.000000 1.000000 0.000000 0.000000 0.000000 1.000000 0.000000 94.500000 165.300000 63.800000 54.500000 1889.000000 0.000000 0.000000 1.000000 0.000000 0.000000 0.000000 0.000000 1.000000 0.000000 0.000000 97.000000 0.000000 1.000000 0.000000 0.000000 0.000000 0.000000 3.150000 3.290000 9.400000 69.000000 5200.000000 31.000000 37.000000 5499.000000 
1.000000 128.000000 0.000000 0.000000 0.000000 0.000000 0.000000 0.000000 0.000000 0.000000 0.000000 1.000000 0.000000 0.000000 0.000000 0.000000 0.000000 0.000000 0.000000 0.000000 1.000000 0.000000 1.000000 0.000000 0.000000 1.000000 0.000000 0.000000 1.000000 0.000000 0.000000 0.000000 1.000000 0.000000 94.500000 165.300000 63.800000 54.500000 2017.000000 0.000000 0.000000 1.000000 0.000000 0.000000 0.000000 0.000000 1.000000 0.000000 0.000000 103.000000 0.000000 0.000000 1.000000 0.000000 0.000000 0.000000 2.990000 3.470000 21.900000 55.000000 4800.000000 45.000000 50.000000 7099.000000 
1.000000 128.000000 0.000000 0.000000 0.000000 0.000000 0.000000 0.000000 0.000000 0.000000 0.000000 1.000000 0.000000 0.000000 0.000000 0.000000 0.000000 0.000000 0.000000 0.000000 0.000000 1.000000 1.000000 0.000000 0.000000 1.000000 0.000000 0.000000 1.000000 0.000000 0.000000 0.000000 1.000000 0.000000 94.500000 165.300000 63.800000 54.500000 1918.000000 0.000000 0.000000 1.000000 0.000000 0.000000 0.000000 0.000000 1.000000 0.000000 0.000000 97.000000 0.000000 1.000000 0.000000 0.000000 0.000000 0.000000 3.150000 3.290000 9.400000 69.000000 5200.000000 31.000000 37.000000 6649.000000 
1.000000 122.000000 0.000000 0.000000 0.000000 0.000000 0.000000 0.000000 0.000000 0.000000 0.000000 1.000000 0.000000 0.000000 0.000000 0.000000 0.000000 0.000000 0.000000 0.000000 0.000000 1.000000 1.000000 0.000000 1.000000 0.000000 0.000000 0.000000 1.000000 0.000000 0.000000 0.000000 1.000000 0.000000 94.500000 165.300000 63.800000 54.500000 1938.000000 0.000000 0.000000 1.000000 0.000000 0.000000 0.000000 0.000000 1.000000 0.000000 0.000000 97.000000 0.000000 1.000000 0.000000 0.000000 0.000000 0.000000 3.150000 3.290000 9.400000 69.000000 5200.000000 31.000000 37.000000 6849.000000 
1.000000 103.000000 0.000000 0.000000 0.000000 0.000000 0.000000 0.000000 0.000000 0.000000 0.000000 1.000000 0.000000 0.000000 0.000000 0.000000 0.000000 0.000000 0.000000 0.000000 0.000000 1.000000 1.000000 0.000000 1.000000 0.000000 0.000000 1.000000 0.000000 0.000000 0.000000 0.000000 1.000000 0.000000 94.500000 170.200000 63.800000 53.500000 2024.000000 0.000000 0.000000 1.000000 0.000000 0.000000 0.000000 0.000000 1.000000 0.000000 0.000000 97.000000 0.000000 1.000000 0.000000 0.000000 0.000000 0.000000 3.150000 3.290000 9.400000 69.000000 5200.000000 31.000000 37.000000 7349.000000 
1.000000 128.000000 0.000000 0.000000 0.000000 0.000000 0.000000 0.000000 0.000000 0.000000 0.000000 1.000000 0.000000 0.000000 0.000000 0.000000 0.000000 0.000000 0.000000 0.000000 0.000000 1.000000 1.000000 0.000000 0.000000 1.000000 0.000000 0.000000 1.000000 0.000000 0.000000 0.000000 1.000000 0.000000 94.500000 165.300000 63.800000 54.500000 1951.000000 0.000000 0.000000 1.000000 0.000000 0.000000 0.000000 0.000000 1.000000 0.000000 0.000000 97.000000 0.000000 1.000000 0.000000 0.000000 0.000000 0.000000 3.150000 3.290000 9.400000 69.000000 5200.000000 31.000000 37.000000 7299.000000 
1.000000 128.000000 0.000000 0.000000 0.000000 0.000000 0.000000 0.000000 0.000000 0.000000 0.000000 1.000000 0.000000 0.000000 0.000000 0.000000 0.000000 0.000000 0.000000 0.000000 0.000000 1.000000 1.000000 0.000000 0.000000 1.000000 0.000000 0.000000 0.000000 1.000000 0.000000 0.000000 1.000000 0.000000 94.500000 165.600000 63.800000 53.300000 2028.000000 0.000000 0.000000 1.000000 0.000000 0.000000 0.000000 0.000000 1.000000 0.000000 0.000000 97.000000 0.000000 1.000000 0.000000 0.000000 0.000000 0.000000 3.150000 3.290000 9.400000 69.000000 5200.000000 31.000000 37.000000 7799.000000 
1.000000 122.000000 0.000000 0.000000 0.000000 0.000000 0.000000 0.000000 0.000000 0.000000 0.000000 1.000000 0.000000 0.000000 0.000000 0.000000 0.000000 0.000000 0.000000 0.000000 0.000000 1.000000 1.000000 0.000000 1.000000 0.000000 0.000000 0.000000 1.000000 0.000000 0.000000 0.000000 1.000000 0.000000 94.500000 165.300000 63.800000 54.500000 1971.000000 0.000000 0.000000 1.000000 0.000000 0.000000 0.000000 0.000000 1.000000 0.000000 0.000000 97.000000 0.000000 1.000000 0.000000 0.000000 0.000000 0.000000 3.150000 3.290000 9.400000 69.000000 5200.000000 31.000000 37.000000 7499.000000 
1.000000 103.000000 0.000000 0.000000 0.000000 0.000000 0.000000 0.000000 0.000000 0.000000 0.000000 1.000000 0.000000 0.000000 0.000000 0.000000 0.000000 0.000000 0.000000 0.000000 0.000000 1.000000 1.000000 0.000000 1.000000 0.000000 0.000000 1.000000 0.000000 0.000000 0.000000 0.000000 1.000000 0.000000 94.500000 170.200000 63.800000 53.500000 2037.000000 0.000000 0.000000 1.000000 0.000000 0.000000 0.000000 0.000000 1.000000 0.000000 0.000000 97.000000 0.000000 1.000000 0.000000 0.000000 0.000000 0.000000 3.150000 3.290000 9.400000 69.000000 5200.000000 31.000000 37.000000 7999.000000 
2.000000 168.000000 0.000000 0.000000 0.000000 0.000000 0.000000 0.000000 0.000000 0.000000 0.000000 1.000000 0.000000 0.000000 0.000000 0.000000 0.000000 0.000000 0.000000 0.000000 0.000000 1.000000 1.000000 0.000000 0.000000 1.000000 1.000000 0.000000 0.000000 0.000000 0.000000 0.000000 1.000000 0.000000 95.100000 162.400000 63.800000 53.300000 2008.000000 0.000000 0.000000 1.000000 0.000000 0.000000 0.000000 0.000000 1.000000 0.000000 0.000000 97.000000 0.000000 1.000000 0.000000 0.000000 0.000000 0.000000 3.150000 3.290000 9.400000 69.000000 5200.000000 31.000000 37.000000 8249.000000 
0.000000 106.000000 0.000000 0.000000 0.000000 0.000000 0.000000 0.000000 0.000000 0.000000 0.000000 1.000000 0.000000 0.000000 0.000000 0.000000 0.000000 0.000000 0.000000 0.000000 0.000000 1.000000 1.000000 0.000000 1.000000 0.000000 0.000000 0.000000 0.000000 1.000000 0.000000 0.000000 1.000000 0.000000 97.200000 173.400000 65.200000 54.700000 2324.000000 0.000000 0.000000 1.000000 0.000000 0.000000 0.000000 0.000000 1.000000 0.000000 0.000000 120.000000 0.000000 1.000000 0.000000 0.000000 0.000000 0.000000 3.330000 3.470000 8.500000 97.000000 5200.000000 27.000000 34.000000 8949.000000 
0.000000 106.000000 0.000000 0.000000 0.000000 0.000000 0.000000 0.000000 0.000000 0.000000 0.000000 1.000000 0.000000 0.000000 0.000000 0.000000 0.000000 0.000000 0.000000 0.000000 0.000000 1.000000 1.000000 0.000000 1.000000 0.000000 0.000000 0.000000 1.000000 0.000000 0.000000 0.000000 1.000000 0.000000 97.200000 173.400000 65.200000 54.700000 2302.000000 0.000000 0.000000 1.000000 0.000000 0.000000 0.000000 0.000000 1.000000 0.000000 0.000000 120.000000 0.000000 1.000000 0.000000 0.000000 0.000000 0.000000 3.330000 3.470000 8.500000 97.000000 5200.000000 27.000000 34.000000 9549.000000 
0.000000 128.000000 0.000000 0.000000 0.000000 0.000000 0.000000 0.000000 0.000000 0.000000 0.000000 1.000000 0.000000 0.000000 0.000000 0.000000 0.000000 0.000000 0.000000 0.000000 0.000000 1.000000 1.000000 0.000000 1.000000 0.000000 0.000000 0.000000 1.000000 0.000000 0.000000 0.000000 1.000000 0.000000 100.400000 181.700000 66.500000 55.100000 3095.000000 0.000000 0.000000 0.000000 0.000000 1.000000 0.000000 0.000000 0.000000 1.000000 0.000000 181.000000 0.000000 0.000000 0.000000 0.000000 1.000000 0.000000 3.430000 3.270000 9.000000 152.000000 5200.000000 17.000000 22.000000 13499.000000 
0.000000 108.000000 0.000000 0.000000 0.000000 0.000000 0.000000 0.000000 0.000000 0.000000 0.000000 1.000000 0.000000 0.000000 0.000000 0.000000 0.000000 0.000000 0.000000 0.000000 0.000000 1.000000 1.000000 0.000000 1.000000 0.000000 0.000000 1.000000 0.000000 0.000000 0.000000 0.000000 1.000000 0.000000 100.400000 184.600000 66.500000 56.100000 3296.000000 0.000000 0.000000 0.000000 0.000000 1.000000 0.000000 0.000000 0.000000 1.000000 0.000000 181.000000 0.000000 0.000000 0.000000 0.000000 1.000000 0.000000 3.430000 3.270000 9.000000 152.000000 5200.000000 17.000000 22.000000 14399.000000 
0.000000 108.000000 0.000000 0.000000 0.000000 0.000000 0.000000 0.000000 0.000000 0.000000 0.000000 1.000000 0.000000 0.000000 0.000000 0.000000 0.000000 0.000000 0.000000 0.000000 0.000000 1.000000 1.000000 0.000000 1.000000 0.000000 0.000000 0.000000 1.000000 0.000000 0.000000 0.000000 1.000000 0.000000 100.400000 184.600000 66.500000 55.100000 3060.000000 0.000000 0.000000 0.000000 0.000000 1.000000 0.000000 0.000000 0.000000 1.000000 0.000000 181.000000 0.000000 0.000000 0.000000 0.000000 1.000000 0.000000 3.430000 3.270000 9.000000 152.000000 5200.000000 19.000000 25.000000 13499.000000 
3.000000 194.000000 0.000000 0.000000 0.000000 0.000000 0.000000 0.000000 0.000000 0.000000 0.000000 1.000000 0.000000 0.000000 0.000000 0.000000 0.000000 0.000000 0.000000 0.000000 0.000000 1.000000 1.000000 0.000000 0.000000 1.000000 0.000000 0.000000 0.000000 1.000000 0.000000 0.000000 0.000000 1.000000 91.300000 170.700000 67.900000 49.700000 3071.000000 0.000000 0.000000 0.000000 0.000000 1.000000 0.000000 0.000000 0.000000 1.000000 0.000000 181.000000 0.000000 0.000000 0.000000 0.000000 1.000000 0.000000 3.430000 3.270000 9.000000 160.000000 5200.000000 19.000000 25.000000 17199.000000 
3.000000 194.000000 0.000000 0.000000 0.000000 0.000000 0.000000 0.000000 0.000000 0.000000 0.000000 1.000000 0.000000 0.000000 0.000000 0.000000 0.000000 0.000000 0.000000 0.000000 0.000000 1.000000 0.000000 1.000000 0.000000 1.000000 0.000000 0.000000 0.000000 1.000000 0.000000 0.000000 0.000000 1.000000 91.300000 170.700000 67.900000 49.700000 3139.000000 0.000000 0.000000 0.000000 0.000000 1.000000 0.000000 0.000000 0.000000 1.000000 0.000000 181.000000 0.000000 0.000000 0.000000 0.000000 1.000000 0.000000 3.430000 3.270000 7.800000 200.000000 5200.000000 17.000000 23.000000 19699.000000 
1.000000 231.000000 0.000000 0.000000 0.000000 0.000000 0.000000 0.000000 0.000000 0.000000 0.000000 1.000000 0.000000 0.000000 0.000000 0.000000 0.000000 0.000000 0.000000 0.000000 0.000000 1.000000 1.000000 0.000000 0.000000 1.000000 0.000000 0.000000 0.000000 1.000000 0.000000 0.000000 0.000000 1.000000 99.200000 178.500000 67.900000 49.700000 3139.000000 0.000000 0.000000 0.000000 0.000000 1.000000 0.000000 0.000000 0.000000 1.000000 0.000000 181.000000 0.000000 0.000000 0.000000 0.000000 1.000000 0.000000 3.430000 3.270000 9.000000 160.000000 5200.000000 19.000000 25.000000 18399.000000 
0.000000 161.000000 0.000000 0.000000 0.000000 0.000000 0.000000 0.000000 0.000000 0.000000 0.000000 0.000000 1.000000 0.000000 0.000000 0.000000 0.000000 0.000000 0.000000 0.000000 0.000000 1.000000 1.000000 0.000000 1.000000 0.000000 0.000000 0.000000 1.000000 0.000000 0.000000 0.000000 0.000000 1.000000 107.900000 186.700000 68.400000 56.700000 3020.000000 0.000000 1.000000 0.000000 0.000000 0.000000 0.000000 0.000000 1.000000 0.000000 0.000000 120.000000 0.000000 0.000000 0.000000 0.000000 1.000000 0.000000 3.460000 3.190000 8.400000 97.000000 5000.000000 19.000000 24.000000 11900.000000 
0.000000 161.000000 0.000000 0.000000 0.000000 0.000000 0.000000 0.000000 0.000000 0.000000 0.000000 0.000000 1.000000 0.000000 0.000000 0.000000 0.000000 0.000000 0.000000 0.000000 1.000000 0.000000 0.000000 1.000000 1.000000 0.000000 0.000000 0.000000 1.000000 0.000000 0.000000 0.000000 0.000000 1.000000 107.900000 186.700000 68.400000 56.700000 3197.000000 0.000000 1.000000 0.000000 0.000000 0.000000 0.000000 0.000000 1.000000 0.000000 0.000000 152.000000 0.000000 0.000000 1.000000 0.000000 0.000000 0.000000 3.700000 3.520000 21.000000 95.000000 4150.000000 28.000000 33.000000 13200.000000 
0.000000 161.000000 0.000000 0.000000 0.000000 0.000000 0.000000 0.000000 0.000000 0.000000 0.000000 0.000000 1.000000 0.000000 0.000000 0.000000 0.000000 0.000000 0.000000 0.000000 0.000000 1.000000 1.000000 0.000000 1.000000 0.000000 0.000000 0.000000 1.000000 0.000000 0.000000 0.000000 0.000000 1.000000 107.900000 186.700000 68.400000 56.700000 3075.000000 0.000000 1.000000 0.000000 0.000000 0.000000 0.000000 0.000000 1.000000 0.000000 0.000000 120.000000 0.000000 0.000000 0.000000 0.000000 1.000000 0.000000 3.460000 2.190000 8.400000 95.000000 5000.000000 19.000000 24.000000 15580.000000 
0.000000 161.000000 0.000000 0.000000 0.000000 0.000000 0.000000 0.000000 0.000000 0.000000 0.000000 0.000000 1.000000 0.000000 0.000000 0.000000 0.000000 0.000000 0.000000 0.000000 1.000000 0.000000 0.000000 1.000000 1.000000 0.000000 0.000000 0.000000 1.000000 0.000000 0.000000 0.000000 0.000000 1.000000 107.900000 186.700000 68.400000 56.700000 3252.000000 0.000000 1.000000 0.000000 0.000000 0.000000 0.000000 0.000000 1.000000 0.000000 0.000000 152.000000 0.000000 0.000000 1.000000 0.000000 0.000000 0.000000 3.700000 3.520000 21.000000 95.000000 4150.000000 28.000000 33.000000 16900.000000 
0.000000 161.000000 0.000000 0.000000 0.000000 0.000000 0.000000 0.000000 0.000000 0.000000 0.000000 0.000000 1.000000 0.000000 0.000000 0.000000 0.000000 0.000000 0.000000 0.000000 0.000000 1.000000 1.000000 0.000000 1.000000 0.000000 0.000000 0.000000 1.000000 0.000000 0.000000 0.000000 0.000000 1.000000 107.900000 186.700000 68.400000 56.700000 3075.000000 0.000000 1.000000 0.000000 0.000000 0.000000 0.000000 0.000000 1.000000 0.000000 0.000000 120.000000 0.000000 0.000000 0.000000 0.000000 1.000000 0.000000 3.460000 3.190000 8.400000 97.000000 5000.000000 19.000000 24.000000 16630.000000 
0.000000 161.000000 0.000000 0.000000 0.000000 0.000000 0.000000 0.000000 0.000000 0.000000 0.000000 0.000000 1.000000 0.000000 0.000000 0.000000 0.000000 0.000000 0.000000 0.000000 1.000000 0.000000 0.000000 1.000000 1.000000 0.000000 0.000000 0.000000 1.000000 0.000000 0.000000 0.000000 0.000000 1.000000 107.900000 186.700000 68.400000 56.700000 3252.000000 0.000000 1.000000 0.000000 0.000000 0.000000 0.000000 0.000000 1.000000 0.000000 0.000000 152.000000 0.000000 0.000000 1.000000 0.000000 0.000000 0.000000 3.700000 3.520000 21.000000 95.000000 4150.000000 28.000000 33.000000 17950.000000 
0.000000 161.000000 0.000000 0.000000 0.000000 0.000000 0.000000 0.000000 0.000000 0.000000 0.000000 0.000000 1.000000 0.000000 0.000000 0.000000 0.000000 0.000000 0.000000 0.000000 0.000000 1.000000 0.000000 1.000000 1.000000 0.000000 0.000000 0.000000 1.000000 0.000000 0.000000 0.000000 0.000000 1.000000 108.000000 186.700000 68.300000 56.000000 3130.000000 0.000000 1.000000 0.000000 0.000000 0.000000 0.000000 0.000000 1.000000 0.000000 0.000000 134.000000 0.000000 0.000000 0.000000 0.000000 1.000000 0.000000 3.610000 3.210000 7.000000 142.000000 5600.000000 18.000000 24.000000 18150.000000 
1.000000 119.000000 0.000000 0.000000 0.000000 0.000000 0.000000 0.000000 0.000000 0.000000 0.000000 0.000000 0.000000 1.000000 0.000000 0.000000 0.000000 0.000000 0.000000 0.000000 0.000000 1.000000 1.000000 0.000000 0.000000 1.000000 0.000000 0.000000 0.000000 1.000000 0.000000 0.000000 1.000000 0.000000 93.700000 157.300000 63.800000 50.800000 1918.000000 0.000000 0.000000 1.000000 0.000000 0.000000 0.000000 0.000000 1.000000 0.000000 0.000000 90.000000 0.000000 1.000000 0.000000 0.000000 0.000000 0.000000 2.970000 3.230000 9.400000 68.000000 5500.000000 37.000000 41.000000 5572.000000 
1.000000 119.000000 0.000000 0.000000 0.000000 0.000000 0.000000 0.000000 0.000000 0.000000 0.000000 0.000000 0.000000 1.000000 0.000000 0.000000 0.000000 0.000000 0.000000 0.000000 0.000000 1.000000 0.000000 1.000000 0.000000 1.000000 0.000000 0.000000 0.000000 1.000000 0.000000 0.000000 1.000000 0.000000 93.700000 157.300000 63.800000 50.800000 2128.000000 0.000000 0.000000 1.000000 0.000000 0.000000 0.000000 0.000000 1.000000 0.000000 0.000000 98.000000 0.000000 0.000000 0.000000 0.000000 0.000000 1.000000 3.030000 3.390000 7.600000 102.000000 5500.000000 24.000000 30.000000 7957.000000 
1.000000 154.000000 0.000000 0.000000 0.000000 0.000000 0.000000 0.000000 0.000000 0.000000 0.000000 0.000000 0.000000 1.000000 0.000000 0.000000 0.000000 0.000000 0.000000 0.000000 0.000000 1.000000 1.000000 0.000000 1.000000 0.000000 0.000000 0.000000 0.000000 1.000000 0.000000 0.000000 1.000000 0.000000 93.700000 157.300000 63.800000 50.600000 1967.000000 0.000000 0.000000 1.000000 0.000000 0.000000 0.000000 0.000000 1.000000 0.000000 0.000000 90.000000 0.000000 1.000000 0.000000 0.000000 0.000000 0.000000 2.970000 3.230000 9.400000 68.000000 5500.000000 31.000000 38.000000 6229.000000 
1.000000 154.000000 0.000000 0.000000 0.000000 0.000000 0.000000 0.000000 0.000000 0.000000 0.000000 0.000000 0.000000 1.000000 0.000000 0.000000 0.000000 0.000000 0.000000 0.000000 0.000000 1.000000 1.000000 0.000000 1.000000 0.000000 0.000000 0.000000 1.000000 0.000000 0.000000 0.000000 1.000000 0.000000 93.700000 167.300000 63.800000 50.800000 1989.000000 0.000000 0.000000 1.000000 0.000000 0.000000 0.000000 0.000000 1.000000 0.000000 0.000000 90.000000 0.000000 1.000000 0.000000 0.000000 0.000000 0.000000 2.970000 3.230000 9.400000 68.000000 5500.000000 31.000000 38.000000 6692.000000 
1.000000 154.000000 0.000000 0.000000 0.000000 0.000000 0.000000 0.000000 0.000000 0.000000 0.000000 0.000000 0.000000 1.000000 0.000000 0.000000 0.000000 0.000000 0.000000 0.000000 0.000000 1.000000 1.000000 0.000000 1.000000 0.000000 0.000000 0.000000 1.000000 0.000000 0.000000 0.000000 1.000000 0.000000 93.700000 167.300000 63.800000 50.800000 2191.000000 0.000000 0.000000 1.000000 0.000000 0.000000 0.000000 0.000000 1.000000 0.000000 0.000000 98.000000 0.000000 1.000000 0.000000 0.000000 0.000000 0.000000 2.970000 3.230000 9.400000 68.000000 5500.000000 31.000000 38.000000 7609.000000 
-1.000000 74.000000 0.000000 0.000000 0.000000 0.000000 0.000000 0.000000 0.000000 0.000000 0.000000 0.000000 0.000000 1.000000 0.000000 0.000000 0.000000 0.000000 0.000000 0.000000 0.000000 1.000000 1.000000 0.000000 1.000000 0.000000 0.000000 1.000000 0.000000 0.000000 0.000000 0.000000 1.000000 0.000000 103.300000 174.600000 64.600000 59.800000 2535.000000 0.000000 0.000000 1.000000 0.000000 0.000000 0.000000 0.000000 1.000000 0.000000 0.000000 122.000000 0.000000 1.000000 0.000000 0.000000 0.000000 0.000000 3.350000 3.460000 8.500000 88.000000 5000.000000 24.000000 30.000000 8921.000000 
3.000000 186.000000 0.000000 0.000000 0.000000 0.000000 0.000000 0.000000 0.000000 0.000000 0.000000 0.000000 0.000000 0.000000 1.000000 0.000000 0.000000 0.000000 0.000000 0.000000 0.000000 1.000000 1.000000 0.000000 0.000000 1.000000 0.000000 0.000000 0.000000 1.000000 0.000000 0.000000 0.000000 1.000000 94.500000 168.900000 68.300000 50.200000 2778.000000 0.000000 0.000000 1.000000 0.000000 0.000000 0.000000 0.000000 1.000000 0.000000 0.000000 151.000000 0.000000 0.000000 0.000000 0.000000 1.000000 0.000000 3.940000 3.110000 9.500000 143.000000 5500.000000 19.000000 27.000000 22018.000000 
3.000000 150.000000 0.000000 0.000000 0.000000 0.000000 0.000000 0.000000 0.000000 0.000000 0.000000 0.000000 0.000000 0.000000 0.000000 1.000000 0.000000 0.000000 0.000000 0.000000 0.000000 1.000000 1.000000 0.000000 0.000000 1.000000 0.000000 0.000000 0.000000 1.000000 0.000000 0.000000 1.000000 0.000000 99.100000 186.600000 66.500000 56.100000 2658.000000 0.000000 0.000000 1.000000 0.000000 0.000000 0.000000 0.000000 1.000000 0.000000 0.000000 121.000000 0.000000 0.000000 0.000000 0.000000 1.000000 0.000000 3.540000 3.070000 9.310000 110.000000 5250.000000 21.000000 28.000000 11850.000000 
2.000000 104.000000 0.000000 0.000000 0.000000 0.000000 0.000000 0.000000 0.000000 0.000000 0.000000 0.000000 0.000000 0.000000 0.000000 1.000000 0.000000 0.000000 0.000000 0.000000 0.000000 1.000000 1.000000 0.000000 1.000000 0.000000 0.000000 0.000000 1.000000 0.000000 0.000000 0.000000 1.000000 0.000000 99.100000 186.600000 66.500000 56.100000 2695.000000 0.000000 0.000000 1.000000 0.000000 0.000000 0.000000 0.000000 1.000000 0.000000 0.000000 121.000000 0.000000 0.000000 0.000000 0.000000 1.000000 0.000000 3.540000 3.070000 9.300000 110.000000 5250.000000 21.000000 28.000000 12170.000000 
3.000000 150.000000 0.000000 0.000000 0.000000 0.000000 0.000000 0.000000 0.000000 0.000000 0.000000 0.000000 0.000000 0.000000 0.000000 1.000000 0.000000 0.000000 0.000000 0.000000 0.000000 1.000000 1.000000 0.000000 0.000000 1.000000 0.000000 0.000000 0.000000 1.000000 0.000000 0.000000 1.000000 0.000000 99.100000 186.600000 66.500000 56.100000 2707.000000 0.000000 0.000000 1.000000 0.000000 0.000000 0.000000 0.000000 1.000000 0.000000 0.000000 121.000000 0.000000 0.000000 0.000000 0.000000 1.000000 0.000000 2.540000 2.070000 9.300000 110.000000 5250.000000 21.000000 28.000000 15040.000000 
2.000000 104.000000 0.000000 0.000000 0.000000 0.000000 0.000000 0.000000 0.000000 0.000000 0.000000 0.000000 0.000000 0.000000 0.000000 1.000000 0.000000 0.000000 0.000000 0.000000 0.000000 1.000000 1.000000 0.000000 1.000000 0.000000 0.000000 0.000000 1.000000 0.000000 0.000000 0.000000 1.000000 0.000000 99.100000 186.600000 66.500000 56.100000 2758.000000 0.000000 0.000000 1.000000 0.000000 0.000000 0.000000 0.000000 1.000000 0.000000 0.000000 121.000000 0.000000 0.000000 0.000000 0.000000 1.000000 0.000000 3.540000 3.070000 9.300000 110.000000 5250.000000 21.000000 28.000000 15510.000000 
3.000000 150.000000 0.000000 0.000000 0.000000 0.000000 0.000000 0.000000 0.000000 0.000000 0.000000 0.000000 0.000000 0.000000 0.000000 1.000000 0.000000 0.000000 0.000000 0.000000 0.000000 1.000000 0.000000 1.000000 0.000000 1.000000 0.000000 0.000000 0.000000 1.000000 0.000000 0.000000 1.000000 0.000000 99.100000 186.600000 66.500000 56.100000 2808.000000 1.000000 0.000000 0.000000 0.000000 0.000000 0.000000 0.000000 1.000000 0.000000 0.000000 121.000000 0.000000 0.000000 0.000000 0.000000 1.000000 0.000000 3.540000 3.070000 9.000000 160.000000 5500.000000 19.000000 26.000000 18150.000000 
2.000000 104.000000 0.000000 0.000000 0.000000 0.000000 0.000000 0.000000 0.000000 0.000000 0.000000 0.000000 0.000000 0.000000 0.000000 1.000000 0.000000 0.000000 0.000000 0.000000 0.000000 1.000000 0.000000 1.000000 1.000000 0.000000 0.000000 0.000000 1.000000 0.000000 0.000000 0.000000 1.000000 0.000000 99.100000 186.600000 66.500000 56.100000 2847.000000 1.000000 0.000000 0.000000 0.000000 0.000000 0.000000 0.000000 1.000000 0.000000 0.000000 121.000000 0.000000 0.000000 0.000000 0.000000 1.000000 0.000000 3.540000 3.070000 9.000000 160.000000 5500.000000 19.000000 26.000000 18620.000000 
2.000000 83.000000 0.000000 0.000000 0.000000 0.000000 0.000000 0.000000 0.000000 0.000000 0.000000 0.000000 0.000000 0.000000 0.000000 0.000000 1.000000 0.000000 0.000000 0.000000 0.000000 1.000000 1.000000 0.000000 0.000000 1.000000 0.000000 0.000000 0.000000 1.000000 0.000000 0.000000 1.000000 0.000000 93.700000 156.900000 63.400000 53.700000 2050.000000 0.000000 0.000000 0.000000 1.000000 0.000000 0.000000 0.000000 1.000000 0.000000 0.000000 97.000000 0.000000 1.000000 0.000000 0.000000 0.000000 0.000000 3.620000 2.360000 9.000000 69.000000 4900.000000 31.000000 36.000000 5118.000000 
2.000000 83.000000 0.000000 0.000000 0.000000 0.000000 0.000000 0.000000 0.000000 0.000000 0.000000 0.000000 0.000000 0.000000 0.000000 0.000000 1.000000 0.000000 0.000000 0.000000 0.000000 1.000000 1.000000 0.000000 0.000000 1.000000 0.000000 0.000000 0.000000 1.000000 0.000000 0.000000 1.000000 0.000000 93.700000 157.900000 63.600000 53.700000 2120.000000 0.000000 0.000000 0.000000 1.000000 0.000000 0.000000 0.000000 1.000000 0.000000 0.000000 108.000000 0.000000 1.000000 0.000000 0.000000 0.000000 0.000000 3.620000 2.640000 8.700000 73.000000 4400.000000 26.000000 31.000000 7053.000000 
2.000000 83.000000 0.000000 0.000000 0.000000 0.000000 0.000000 0.000000 0.000000 0.000000 0.000000 0.000000 0.000000 0.000000 0.000000 0.000000 1.000000 0.000000 0.000000 0.000000 0.000000 1.000000 1.000000 0.000000 0.000000 1.000000 0.000000 0.000000 0.000000 1.000000 0.000000 1.000000 0.000000 0.000000 93.300000 157.300000 63.800000 55.700000 2240.000000 0.000000 0.000000 0.000000 1.000000 0.000000 0.000000 0.000000 1.000000 0.000000 0.000000 108.000000 0.000000 1.000000 0.000000 0.000000 0.000000 0.000000 3.620000 2.640000 8.700000 73.000000 4400.000000 26.000000 31.000000 7603.000000 
0.000000 102.000000 0.000000 0.000000 0.000000 0.000000 0.000000 0.000000 0.000000 0.000000 0.000000 0.000000 0.000000 0.000000 0.000000 0.000000 1.000000 0.000000 0.000000 0.000000 0.000000 1.000000 1.000000 0.000000 1.000000 0.000000 0.000000 0.000000 1.000000 0.000000 0.000000 0.000000 1.000000 0.000000 97.200000 172.000000 65.400000 52.500000 2145.000000 0.000000 0.000000 0.000000 1.000000 0.000000 0.000000 0.000000 1.000000 0.000000 0.000000 108.000000 0.000000 1.000000 0.000000 0.000000 0.000000 0.000000 3.620000 2.640000 9.500000 82.000000 4800.000000 32.000000 37.000000 7126.000000 
0.000000 102.000000 0.000000 0.000000 0.000000 0.000000 0.000000 0.000000 0.000000 0.000000 0.000000 0.000000 0.000000 0.000000 0.000000 0.000000 1.000000 0.000000 0.000000 0.000000 0.000000 1.000000 1.000000 0.000000 1.000000 0.000000 0.000000 0.000000 1.000000 0.000000 0.000000 0.000000 1.000000 0.000000 97.200000 172.000000 65.400000 52.500000 2190.000000 0.000000 0.000000 0.000000 1.000000 0.000000 0.000000 0.000000 1.000000 0.000000 0.000000 108.000000 0.000000 1.000000 0.000000 0.000000 0.000000 0.000000 3.620000 2.640000 9.500000 82.000000 4400.000000 28.000000 33.000000 7775.000000 
0.000000 102.000000 0.000000 0.000000 0.000000 0.000000 0.000000 0.000000 0.000000 0.000000 0.000000 0.000000 0.000000 0.000000 0.000000 0.000000 1.000000 0.000000 0.000000 0.000000 0.000000 1.000000 1.000000 0.000000 1.000000 0.000000 0.000000 0.000000 1.000000 0.000000 0.000000 0.000000 1.000000 0.000000 97.200000 172.000000 65.400000 52.500000 2340.000000 0.000000 0.000000 0.000000 1.000000 0.000000 0.000000 0.000000 1.000000 0.000000 0.000000 108.000000 0.000000 0.000000 0.000000 0.000000 1.000000 0.000000 3.620000 2.640000 9.000000 94.000000 5200.000000 26.000000 32.000000 9960.000000 
0.000000 102.000000 0.000000 0.000000 0.000000 0.000000 0.000000 0.000000 0.000000 0.000000 0.000000 0.000000 0.000000 0.000000 0.000000 0.000000 1.000000 0.000000 0.000000 0.000000 0.000000 1.000000 1.000000 0.000000 1.000000 0.000000 0.000000 0.000000 1.000000 0.000000 0.000000 1.000000 0.000000 0.000000 97.000000 172.000000 65.400000 54.300000 2385.000000 0.000000 0.000000 0.000000 1.000000 0.000000 0.000000 0.000000 1.000000 0.000000 0.000000 108.000000 0.000000 1.000000 0.000000 0.000000 0.000000 0.000000 3.620000 2.640000 9.000000 82.000000 4800.000000 24.000000 25.000000 9233.000000 
0.000000 102.000000 0.000000 0.000000 0.000000 0.000000 0.000000 0.000000 0.000000 0.000000 0.000000 0.000000 0.000000 0.000000 0.000000 0.000000 1.000000 0.000000 0.000000 0.000000 0.000000 1.000000 0.000000 1.000000 1.000000 0.000000 0.000000 0.000000 1.000000 0.000000 0.000000 1.000000 0.000000 0.000000 97.000000 172.000000 65.400000 54.300000 2510.000000 0.000000 0.000000 0.000000 1.000000 0.000000 0.000000 0.000000 1.000000 0.000000 0.000000 108.000000 0.000000 0.000000 0.000000 0.000000 1.000000 0.000000 3.620000 2.640000 7.700000 111.000000 4800.000000 24.000000 29.000000 11259.000000 
0.000000 89.000000 0.000000 0.000000 0.000000 0.000000 0.000000 0.000000 0.000000 0.000000 0.000000 0.000000 0.000000 0.000000 0.000000 0.000000 1.000000 0.000000 0.000000 0.000000 0.000000 1.000000 1.000000 0.000000 1.000000 0.000000 0.000000 1.000000 0.000000 0.000000 0.000000 0.000000 1.000000 0.000000 97.000000 173.500000 65.400000 53.000000 2290.000000 0.000000 0.000000 0.000000 1.000000 0.000000 0.000000 0.000000 1.000000 0.000000 0.000000 108.000000 0.000000 1.000000 0.000000 0.000000 0.000000 0.000000 3.620000 2.640000 9.000000 82.000000 4800.000000 28.000000 32.000000 7463.000000 
0.000000 89.000000 0.000000 0.000000 0.000000 0.000000 0.000000 0.000000 0.000000 0.000000 0.000000 0.000000 0.000000 0.000000 0.000000 0.000000 1.000000 0.000000 0.000000 0.000000 0.000000 1.000000 1.000000 0.000000 1.000000 0.000000 0.000000 1.000000 0.000000 0.000000 0.000000 0.000000 1.000000 0.000000 97.000000 173.500000 65.400000 53.000000 2455.000000 0.000000 0.000000 0.000000 1.000000 0.000000 0.000000 0.000000 1.000000 0.000000 0.000000 108.000000 0.000000 0.000000 0.000000 0.000000 1.000000 0.000000 3.620000 2.640000 9.000000 94.000000 5200.000000 25.000000 31.000000 10198.000000 
0.000000 85.000000 0.000000 0.000000 0.000000 0.000000 0.000000 0.000000 0.000000 0.000000 0.000000 0.000000 0.000000 0.000000 0.000000 0.000000 1.000000 0.000000 0.000000 0.000000 0.000000 1.000000 1.000000 0.000000 1.000000 0.000000 0.000000 1.000000 0.000000 0.000000 0.000000 1.000000 0.000000 0.000000 96.900000 173.600000 65.400000 54.900000 2420.000000 0.000000 0.000000 0.000000 1.000000 0.000000 0.000000 0.000000 1.000000 0.000000 0.000000 108.000000 0.000000 1.000000 0.000000 0.000000 0.000000 0.000000 3.620000 2.640000 9.000000 82.000000 4800.000000 23.000000 29.000000 8013.000000 
0.000000 85.000000 0.000000 0.000000 0.000000 0.000000 0.000000 0.000000 0.000000 0.000000 0.000000 0.000000 0.000000 0.000000 0.000000 0.000000 1.000000 0.000000 0.000000 0.000000 0.000000 1.000000 0.000000 1.000000 1.000000 0.000000 0.000000 1.000000 0.000000 0.000000 0.000000 1.000000 0.000000 0.000000 96.900000 173.600000 65.400000 54.900000 2650.000000 0.000000 0.000000 0.000000 1.000000 0.000000 0.000000 0.000000 1.000000 0.000000 0.000000 108.000000 0.000000 0.000000 0.000000 0.000000 1.000000 0.000000 3.620000 2.640000 7.700000 111.000000 4800.000000 23.000000 23.000000 11694.000000 
1.000000 87.000000 0.000000 0.000000 0.000000 0.000000 0.000000 0.000000 0.000000 0.000000 0.000000 0.000000 0.000000 0.000000 0.000000 0.000000 0.000000 1.000000 0.000000 0.000000 0.000000 1.000000 1.000000 0.000000 0.000000 1.000000 0.000000 0.000000 0.000000 1.000000 0.000000 0.000000 1.000000 0.000000 95.700000 158.700000 63.600000 54.500000 1985.000000 0.000000 0.000000 1.000000 0.000000 0.000000 0.000000 0.000000 1.000000 0.000000 0.000000 92.000000 0.000000 1.000000 0.000000 0.000000 0.000000 0.000000 3.050000 3.030000 9.000000 62.000000 4800.000000 35.000000 39.000000 5348.000000 
1.000000 87.000000 0.000000 0.000000 0.000000 0.000000 0.000000 0.000000 0.000000 0.000000 0.000000 0.000000 0.000000 0.000000 0.000000 0.000000 0.000000 1.000000 0.000000 0.000000 0.000000 1.000000 1.000000 0.000000 0.000000 1.000000 0.000000 0.000000 0.000000 1.000000 0.000000 0.000000 1.000000 0.000000 95.700000 158.700000 63.600000 54.500000 2040.000000 0.000000 0.000000 1.000000 0.000000 0.000000 0.000000 0.000000 1.000000 0.000000 0.000000 92.000000 0.000000 1.000000 0.000000 0.000000 0.000000 0.000000 3.050000 3.030000 9.000000 62.000000 4800.000000 31.000000 38.000000 6338.000000 
1.000000 74.000000 0.000000 0.000000 0.000000 0.000000 0.000000 0.000000 0.000000 0.000000 0.000000 0.000000 0.000000 0.000000 0.000000 0.000000 0.000000 1.000000 0.000000 0.000000 0.000000 1.000000 1.000000 0.000000 1.000000 0.000000 0.000000 0.000000 0.000000 1.000000 0.000000 0.000000 1.000000 0.000000 95.700000 158.700000 63.600000 54.500000 2015.000000 0.000000 0.000000 1.000000 0.000000 0.000000 0.000000 0.000000 1.000000 0.000000 0.000000 92.000000 0.000000 1.000000 0.000000 0.000000 0.000000 0.000000 3.050000 3.030000 9.000000 62.000000 4800.000000 31.000000 38.000000 6488.000000 
0.000000 77.000000 0.000000 0.000000 0.000000 0.000000 0.000000 0.000000 0.000000 0.000000 0.000000 0.000000 0.000000 0.000000 0.000000 0.000000 0.000000 1.000000 0.000000 0.000000 0.000000 1.000000 1.000000 0.000000 1.000000 0.000000 0.000000 1.000000 0.000000 0.000000 0.000000 0.000000 1.000000 0.000000 95.700000 169.700000 63.600000 59.100000 2280.000000 0.000000 0.000000 1.000000 0.000000 0.000000 0.000000 0.000000 1.000000 0.000000 0.000000 92.000000 0.000000 1.000000 0.000000 0.000000 0.000000 0.000000 3.050000 3.030000 9.000000 62.000000 4800.000000 31.000000 37.000000 6918.000000 
0.000000 81.000000 0.000000 0.000000 0.000000 0.000000 0.000000 0.000000 0.000000 0.000000 0.000000 0.000000 0.000000 0.000000 0.000000 0.000000 0.000000 1.000000 0.000000 0.000000 0.000000 1.000000 1.000000 0.000000 1.000000 0.000000 0.000000 1.000000 0.000000 0.000000 0.000000 1.000000 0.000000 0.000000 95.700000 169.700000 63.600000 59.100000 2290.000000 0.000000 0.000000 1.000000 0.000000 0.000000 0.000000 0.000000 1.000000 0.000000 0.000000 92.000000 0.000000 1.000000 0.000000 0.000000 0.000000 0.000000 3.050000 3.030000 9.000000 62.000000 4800.000000 27.000000 32.000000 7898.000000 
0.000000 91.000000 0.000000 0.000000 0.000000 0.000000 0.000000 0.000000 0.000000 0.000000 0.000000 0.000000 0.000000 0.000000 0.000000 0.000000 0.000000 1.000000 0.000000 0.000000 0.000000 1.000000 1.000000 0.000000 1.000000 0.000000 0.000000 1.000000 0.000000 0.000000 0.000000 1.000000 0.000000 0.000000 95.700000 169.700000 63.600000 59.100000 3110.000000 0.000000 0.000000 1.000000 0.000000 0.000000 0.000000 0.000000 1.000000 0.000000 0.000000 92.000000 0.000000 1.000000 0.000000 0.000000 0.000000 0.000000 3.050000 3.030000 9.000000 62.000000 4800.000000 27.000000 32.000000 8778.000000 
0.000000 91.000000 0.000000 0.000000 0.000000 0.000000 0.000000 0.000000 0.000000 0.000000 0.000000 0.000000 0.000000 0.000000 0.000000 0.000000 0.000000 1.000000 0.000000 0.000000 0.000000 1.000000 1.000000 0.000000 1.000000 0.000000 0.000000 0.000000 1.000000 0.000000 0.000000 0.000000 1.000000 0.000000 95.700000 166.300000 64.400000 53.000000 2081.000000 0.000000 0.000000 1.000000 0.000000 0.000000 0.000000 0.000000 1.000000 0.000000 0.000000 98.000000 0.000000 1.000000 0.000000 0.000000 0.000000 0.000000 3.190000 3.030000 9.000000 70.000000 4800.000000 30.000000 37.000000 6938.000000 
0.000000 91.000000 0.000000 0.000000 0.000000 0.000000 0.000000 0.000000 0.000000 0.000000 0.000000 0.000000 0.000000 0.000000 0.000000 0.000000 0.000000 1.000000 0.000000 0.000000 0.000000 1.000000 1.000000 0.000000 1.000000 0.000000 0.000000 0.000000 0.000000 1.000000 0.000000 0.000000 1.000000 0.000000 95.700000 166.300000 64.400000 52.800000 2109.000000 0.000000 0.000000 1.000000 0.000000 0.000000 0.000000 0.000000 1.000000 0.000000 0.000000 98.000000 0.000000 1.000000 0.000000 0.000000 0.000000 0.000000 3.190000 3.030000 9.000000 70.000000 4800.000000 30.000000 37.000000 7198.000000 
0.000000 91.000000 0.000000 0.000000 0.000000 0.000000 0.000000 0.000000 0.000000 0.000000 0.000000 0.000000 0.000000 0.000000 0.000000 0.000000 0.000000 1.000000 0.000000 0.000000 1.000000 0.000000 1.000000 0.000000 1.000000 0.000000 0.000000 0.000000 1.000000 0.000000 0.000000 0.000000 1.000000 0.000000 95.700000 166.300000 64.400000 53.000000 2275.000000 0.000000 0.000000 1.000000 0.000000 0.000000 0.000000 0.000000 1.000000 0.000000 0.000000 110.000000 0.000000 0.000000 1.000000 0.000000 0.000000 0.000000 3.270000 3.350000 22.500000 56.000000 4500.000000 34.000000 36.000000 7898.000000 
0.000000 91.000000 0.000000 0.000000 0.000000 0.000000 0.000000 0.000000 0.000000 0.000000 0.000000 0.000000 0.000000 0.000000 0.000000 0.000000 0.000000 1.000000 0.000000 0.000000 1.000000 0.000000 1.000000 0.000000 1.000000 0.000000 0.000000 0.000000 0.000000 1.000000 0.000000 0.000000 1.000000 0.000000 95.700000 166.300000 64.400000 52.800000 2275.000000 0.000000 0.000000 1.000000 0.000000 0.000000 0.000000 0.000000 1.000000 0.000000 0.000000 110.000000 0.000000 0.000000 1.000000 0.000000 0.000000 0.000000 3.270000 3.350000 22.500000 56.000000 4500.000000 38.000000 47.000000 7788.000000 
0.000000 91.000000 0.000000 0.000000 0.000000 0.000000 0.000000 0.000000 0.000000 0.000000 0.000000 0.000000 0.000000 0.000000 0.000000 0.000000 0.000000 1.000000 0.000000 0.000000 0.000000 1.000000 1.000000 0.000000 1.000000 0.000000 0.000000 0.000000 1.000000 0.000000 0.000000 0.000000 1.000000 0.000000 95.700000 166.300000 64.400000 53.000000 2094.000000 0.000000 0.000000 1.000000 0.000000 0.000000 0.000000 0.000000 1.000000 0.000000 0.000000 98.000000 0.000000 1.000000 0.000000 0.000000 0.000000 0.000000 3.190000 3.030000 9.000000 70.000000 4800.000000 38.000000 47.000000 7738.000000 
0.000000 91.000000 0.000000 0.000000 0.000000 0.000000 0.000000 0.000000 0.000000 0.000000 0.000000 0.000000 0.000000 0.000000 0.000000 0.000000 0.000000 1.000000 0.000000 0.000000 0.000000 1.000000 1.000000 0.000000 1.000000 0.000000 0.000000 0.000000 0.000000 1.000000 0.000000 0.000000 1.000000 0.000000 95.700000 166.300000 64.400000 52.800000 2122.000000 0.000000 0.000000 1.000000 0.000000 0.000000 0.000000 0.000000 1.000000 0.000000 0.000000 98.000000 0.000000 1.000000 0.000000 0.000000 0.000000 0.000000 3.190000 3.030000 9.000000 70.000000 4800.000000 28.000000 34.000000 8358.000000 
0.000000 91.000000 0.000000 0.000000 0.000000 0.000000 0.000000 0.000000 0.000000 0.000000 0.000000 0.000000 0.000000 0.000000 0.000000 0.000000 0.000000 1.000000 0.000000 0.000000 0.000000 1.000000 1.000000 0.000000 1.000000 0.000000 0.000000 0.000000 1.000000 0.000000 0.000000 0.000000 1.000000 0.000000 95.700000 166.300000 64.400000 52.800000 2140.000000 0.000000 0.000000 1.000000 0.000000 0.000000 0.000000 0.000000 1.000000 0.000000 0.000000 98.000000 0.000000 1.000000 0.000000 0.000000 0.000000 0.000000 3.190000 3.030000 9.000000 70.000000 4800.000000 28.000000 34.000000 9258.000000 
1.000000 168.000000 0.000000 0.000000 0.000000 0.000000 0.000000 0.000000 0.000000 0.000000 0.000000 0.000000 0.000000 0.000000 0.000000 0.000000 0.000000 1.000000 0.000000 0.000000 0.000000 1.000000 1.000000 0.000000 0.000000 1.000000 0.000000 0.000000 1.000000 0.000000 0.000000 0.000000 0.000000 1.000000 94.500000 168.700000 64.000000 52.600000 2169.000000 0.000000 0.000000 1.000000 0.000000 0.000000 0.000000 0.000000 1.000000 0.000000 0.000000 98.000000 0.000000 1.000000 0.000000 0.000000 0.000000 0.000000 3.190000 3.030000 9.000000 70.000000 4800.000000 29.000000 34.000000 8058.000000 
1.000000 168.000000 0.000000 0.000000 0.000000 0.000000 0.000000 0.000000 0.000000 0.000000 0.000000 0.000000 0.000000 0.000000 0.000000 0.000000 0.000000 1.000000 0.000000 0.000000 0.000000 1.000000 1.000000 0.000000 0.000000 1.000000 0.000000 0.000000 0.000000 1.000000 0.000000 0.000000 0.000000 1.000000 94.500000 168.700000 64.000000 52.600000 2204.000000 0.000000 0.000000 1.000000 0.000000 0.000000 0.000000 0.000000 1.000000 0.000000 0.000000 98.000000 0.000000 1.000000 0.000000 0.000000 0.000000 0.000000 3.190000 3.030000 9.000000 70.000000 4800.000000 29.000000 34.000000 8238.000000 
1.000000 168.000000 0.000000 0.000000 0.000000 0.000000 0.000000 0.000000 0.000000 0.000000 0.000000 0.000000 0.000000 0.000000 0.000000 0.000000 0.000000 1.000000 0.000000 0.000000 0.000000 1.000000 1.000000 0.000000 0.000000 1.000000 0.000000 0.000000 1.000000 0.000000 0.000000 0.000000 0.000000 1.000000 94.500000 168.700000 64.000000 52.600000 2265.000000 1.000000 0.000000 0.000000 0.000000 0.000000 0.000000 0.000000 1.000000 0.000000 0.000000 98.000000 0.000000 0.000000 0.000000 0.000000 1.000000 0.000000 3.240000 3.080000 9.400000 112.000000 6600.000000 26.000000 29.000000 9298.000000 
1.000000 168.000000 0.000000 0.000000 0.000000 0.000000 0.000000 0.000000 0.000000 0.000000 0.000000 0.000000 0.000000 0.000000 0.000000 0.000000 0.000000 1.000000 0.000000 0.000000 0.000000 1.000000 1.000000 0.000000 0.000000 1.000000 0.000000 0.000000 0.000000 1.000000 0.000000 0.000000 0.000000 1.000000 94.500000 168.700000 64.000000 52.600000 2300.000000 1.000000 0.000000 0.000000 0.000000 0.000000 0.000000 0.000000 1.000000 0.000000 0.000000 98.000000 0.000000 0.000000 0.000000 0.000000 1.000000 0.000000 3.240000 3.080000 9.400000 112.000000 6600.000000 26.000000 29.000000 9538.000000 
2.000000 134.000000 0.000000 0.000000 0.000000 0.000000 0.000000 0.000000 0.000000 0.000000 0.000000 0.000000 0.000000 0.000000 0.000000 0.000000 0.000000 1.000000 0.000000 0.000000 0.000000 1.000000 1.000000 0.000000 0.000000 1.000000 1.000000 0.000000 0.000000 0.000000 0.000000 0.000000 0.000000 1.000000 98.400000 176.200000 65.600000 52.000000 2540.000000 0.000000 0.000000 1.000000 0.000000 0.000000 0.000000 0.000000 1.000000 0.000000 0.000000 146.000000 0.000000 0.000000 0.000000 0.000000 1.000000 0.000000 3.620000 3.500000 9.300000 116.000000 4800.000000 24.000000 30.000000 8449.000000 
2.000000 134.000000 0.000000 0.000000 0.000000 0.000000 0.000000 0.000000 0.000000 0.000000 0.000000 0.000000 0.000000 0.000000 0.000000 0.000000 0.000000 1.000000 0.000000 0.000000 0.000000 1.000000 1.000000 0.000000 0.000000 1.000000 1.000000 0.000000 0.000000 0.000000 0.000000 0.000000 0.000000 1.000000 98.400000 176.200000 65.600000 52.000000 2536.000000 0.000000 0.000000 1.000000 0.000000 0.000000 0.000000 0.000000 1.000000 0.000000 0.000000 146.000000 0.000000 0.000000 0.000000 0.000000 1.000000 0.000000 3.620000 3.500000 9.300000 116.000000 4800.000000 24.000000 30.000000 9639.000000 
2.000000 134.000000 0.000000 0.000000 0.000000 0.000000 0.000000 0.000000 0.000000 0.000000 0.000000 0.000000 0.000000 0.000000 0.000000 0.000000 0.000000 1.000000 0.000000 0.000000 0.000000 1.000000 1.000000 0.000000 0.000000 1.000000 0.000000 0.000000 0.000000 1.000000 0.000000 0.000000 0.000000 1.000000 98.400000 176.200000 65.600000 52.000000 2551.000000 0.000000 0.000000 1.000000 0.000000 0.000000 0.000000 0.000000 1.000000 0.000000 0.000000 146.000000 0.000000 0.000000 0.000000 0.000000 1.000000 0.000000 3.620000 3.500000 9.300000 116.000000 4800.000000 24.000000 30.000000 9989.000000 
2.000000 134.000000 0.000000 0.000000 0.000000 0.000000 0.000000 0.000000 0.000000 0.000000 0.000000 0.000000 0.000000 0.000000 0.000000 0.000000 0.000000 1.000000 0.000000 0.000000 0.000000 1.000000 1.000000 0.000000 0.000000 1.000000 1.000000 0.000000 0.000000 0.000000 0.000000 0.000000 0.000000 1.000000 98.400000 176.200000 65.600000 52.000000 2679.000000 0.000000 0.000000 1.000000 0.000000 0.000000 0.000000 0.000000 1.000000 0.000000 0.000000 146.000000 0.000000 0.000000 0.000000 0.000000 1.000000 0.000000 3.620000 3.500000 9.300000 116.000000 4800.000000 24.000000 30.000000 11199.000000 
2.000000 134.000000 0.000000 0.000000 0.000000 0.000000 0.000000 0.000000 0.000000 0.000000 0.000000 0.000000 0.000000 0.000000 0.000000 0.000000 0.000000 1.000000 0.000000 0.000000 0.000000 1.000000 1.000000 0.000000 0.000000 1.000000 0.000000 0.000000 0.000000 1.000000 0.000000 0.000000 0.000000 1.000000 98.400000 176.200000 65.600000 52.000000 2714.000000 0.000000 0.000000 1.000000 0.000000 0.000000 0.000000 0.000000 1.000000 0.000000 0.000000 146.000000 0.000000 0.000000 0.000000 0.000000 1.000000 0.000000 3.620000 3.500000 9.300000 116.000000 4800.000000 24.000000 30.000000 11549.000000 
2.000000 134.000000 0.000000 0.000000 0.000000 0.000000 0.000000 0.000000 0.000000 0.000000 0.000000 0.000000 0.000000 0.000000 0.000000 0.000000 0.000000 1.000000 0.000000 0.000000 0.000000 1.000000 1.000000 0.000000 0.000000 1.000000 0.000000 0.000000 0.000000 0.000000 1.000000 0.000000 0.000000 1.000000 98.400000 176.200000 65.600000 53.000000 2975.000000 0.000000 0.000000 1.000000 0.000000 0.000000 0.000000 0.000000 1.000000 0.000000 0.000000 146.000000 0.000000 0.000000 0.000000 0.000000 1.000000 0.000000 3.620000 3.500000 9.300000 116.000000 4800.000000 24.000000 30.000000 17669.000000 
-1.000000 65.000000 0.000000 0.000000 0.000000 0.000000 0.000000 0.000000 0.000000 0.000000 0.000000 0.000000 0.000000 0.000000 0.000000 0.000000 0.000000 1.000000 0.000000 0.000000 0.000000 1.000000 1.000000 0.000000 1.000000 0.000000 0.000000 0.000000 1.000000 0.000000 0.000000 0.000000 1.000000 0.000000 102.400000 175.600000 66.500000 54.900000 2326.000000 0.000000 0.000000 1.000000 0.000000 0.000000 0.000000 0.000000 1.000000 0.000000 0.000000 122.000000 0.000000 0.000000 0.000000 0.000000 1.000000 0.000000 3.310000 3.540000 8.700000 92.000000 4200.000000 29.000000 34.000000 8948.000000 
-1.000000 65.000000 0.000000 0.000000 0.000000 0.000000 0.000000 0.000000 0.000000 0.000000 0.000000 0.000000 0.000000 0.000000 0.000000 0.000000 0.000000 1.000000 0.000000 0.000000 1.000000 0.000000 0.000000 1.000000 1.000000 0.000000 0.000000 0.000000 1.000000 0.000000 0.000000 0.000000 1.000000 0.000000 102.400000 175.600000 66.500000 54.900000 2480.000000 0.000000 0.000000 1.000000 0.000000 0.000000 0.000000 0.000000 1.000000 0.000000 0.000000 110.000000 0.000000 0.000000 1.000000 0.000000 0.000000 0.000000 3.270000 3.350000 22.500000 73.000000 4500.000000 30.000000 33.000000 10698.000000 
-1.000000 65.000000 0.000000 0.000000 0.000000 0.000000 0.000000 0.000000 0.000000 0.000000 0.000000 0.000000 0.000000 0.000000 0.000000 0.000000 0.000000 1.000000 0.000000 0.000000 0.000000 1.000000 1.000000 0.000000 1.000000 0.000000 0.000000 0.000000 0.000000 1.000000 0.000000 0.000000 1.000000 0.000000 102.400000 175.600000 66.500000 53.900000 2414.000000 0.000000 0.000000 1.000000 0.000000 0.000000 0.000000 0.000000 1.000000 0.000000 0.000000 122.000000 0.000000 0.000000 0.000000 0.000000 1.000000 0.000000 3.310000 3.540000 8.700000 92.000000 4200.000000 27.000000 32.000000 9988.000000 
-1.000000 65.000000 0.000000 0.000000 0.000000 0.000000 0.000000 0.000000 0.000000 0.000000 0.000000 0.000000 0.000000 0.000000 0.000000 0.000000 0.000000 1.000000 0.000000 0.000000 0.000000 1.000000 1.000000 0.000000 1.000000 0.000000 0.000000 0.000000 1.000000 0.000000 0.000000 0.000000 1.000000 0.000000 102.400000 175.600000 66.500000 54.900000 2414.000000 0.000000 0.000000 1.000000 0.000000 0.000000 0.000000 0.000000 1.000000 0.000000 0.000000 122.000000 0.000000 0.000000 0.000000 0.000000 1.000000 0.000000 3.310000 3.540000 8.700000 92.000000 4200.000000 27.000000 32.000000 10898.000000 
-1.000000 65.000000 0.000000 0.000000 0.000000 0.000000 0.000000 0.000000 0.000000 0.000000 0.000000 0.000000 0.000000 0.000000 0.000000 0.000000 0.000000 1.000000 0.000000 0.000000 0.000000 1.000000 1.000000 0.000000 1.000000 0.000000 0.000000 0.000000 0.000000 1.000000 0.000000 0.000000 1.000000 0.000000 102.400000 175.600000 66.500000 53.900000 2458.000000 0.000000 0.000000 1.000000 0.000000 0.000000 0.000000 0.000000 1.000000 0.000000 0.000000 122.000000 0.000000 0.000000 0.000000 0.000000 1.000000 0.000000 3.310000 3.540000 8.700000 92.000000 4200.000000 27.000000 32.000000 11248.000000 
3.000000 197.000000 0.000000 0.000000 0.000000 0.000000 0.000000 0.000000 0.000000 0.000000 0.000000 0.000000 0.000000 0.000000 0.000000 0.000000 0.000000 1.000000 0.000000 0.000000 0.000000 1.000000 1.000000 0.000000 0.000000 1.000000 0.000000 0.000000 0.000000 1.000000 0.000000 0.000000 0.000000 1.000000 102.900000 183.500000 67.700000 52.000000 2976.000000 1.000000 0.000000 0.000000 0.000000 0.000000 0.000000 0.000000 0.000000 1.000000 0.000000 171.000000 0.000000 0.000000 0.000000 0.000000 1.000000 0.000000 3.270000 3.350000 9.300000 161.000000 5200.000000 20.000000 24.000000 16558.000000 
3.000000 197.000000 0.000000 0.000000 0.000000 0.000000 0.000000 0.000000 0.000000 0.000000 0.000000 0.000000 0.000000 0.000000 0.000000 0.000000 0.000000 1.000000 0.000000 0.000000 0.000000 1.000000 1.000000 0.000000 0.000000 1.000000 0.000000 0.000000 0.000000 1.000000 0.000000 0.000000 0.000000 1.000000 102.900000 183.500000 67.700000 52.000000 3016.000000 1.000000 0.000000 0.000000 0.000000 0.000000 0.000000 0.000000 0.000000 1.000000 0.000000 171.000000 0.000000 0.000000 0.000000 0.000000 1.000000 0.000000 3.270000 3.350000 9.300000 161.000000 5200.000000 19.000000 24.000000 15998.000000 
-1.000000 90.000000 0.000000 0.000000 0.000000 0.000000 0.000000 0.000000 0.000000 0.000000 0.000000 0.000000 0.000000 0.000000 0.000000 0.000000 0.000000 1.000000 0.000000 0.000000 0.000000 1.000000 1.000000 0.000000 1.000000 0.000000 0.000000 0.000000 1.000000 0.000000 0.000000 0.000000 0.000000 1.000000 104.500000 187.800000 66.500000 54.100000 3131.000000 1.000000 0.000000 0.000000 0.000000 0.000000 0.000000 0.000000 0.000000 1.000000 0.000000 171.000000 0.000000 0.000000 0.000000 0.000000 1.000000 0.000000 3.270000 3.350000 9.200000 156.000000 5200.000000 20.000000 24.000000 15690.000000 
2.000000 122.000000 0.000000 0.000000 0.000000 0.000000 0.000000 0.000000 0.000000 0.000000 0.000000 0.000000 0.000000 0.000000 0.000000 0.000000 0.000000 0.000000 1.000000 0.000000 1.000000 0.000000 1.000000 0.000000 0.000000 1.000000 0.000000 0.000000 1.000000 0.000000 0.000000 0.000000 1.000000 0.000000 97.300000 171.700000 65.500000 55.700000 2261.000000 0.000000 0.000000 1.000000 0.000000 0.000000 0.000000 0.000000 1.000000 0.000000 0.000000 97.000000 0.000000 0.000000 1.000000 0.000000 0.000000 0.000000 3.010000 3.400000 23.000000 52.000000 4800.000000 37.000000 46.000000 7775.000000 
2.000000 122.000000 0.000000 0.000000 0.000000 0.000000 0.000000 0.000000 0.000000 0.000000 0.000000 0.000000 0.000000 0.000000 0.000000 0.000000 0.000000 0.000000 1.000000 0.000000 0.000000 1.000000 1.000000 0.000000 0.000000 1.000000 0.000000 0.000000 1.000000 0.000000 0.000000 0.000000 1.000000 0.000000 97.300000 171.700000 65.500000 55.700000 2209.000000 0.000000 0.000000 1.000000 0.000000 0.000000 0.000000 0.000000 1.000000 0.000000 0.000000 109.000000 0.000000 0.000000 0.000000 0.000000 1.000000 0.000000 3.190000 3.400000 9.000000 85.000000 5250.000000 27.000000 34.000000 7975.000000 
2.000000 94.000000 0.000000 0.000000 0.000000 0.000000 0.000000 0.000000 0.000000 0.000000 0.000000 0.000000 0.000000 0.000000 0.000000 0.000000 0.000000 0.000000 1.000000 0.000000 1.000000 0.000000 1.000000 0.000000 1.000000 0.000000 0.000000 0.000000 1.000000 0.000000 0.000000 0.000000 1.000000 0.000000 97.300000 171.700000 65.500000 55.700000 2264.000000 0.000000 0.000000 1.000000 0.000000 0.000000 0.000000 0.000000 1.000000 0.000000 0.000000 97.000000 0.000000 0.000000 1.000000 0.000000 0.000000 0.000000 3.010000 3.400000 23.000000 52.000000 4800.000000 37.000000 46.000000 7995.000000 
2.000000 94.000000 0.000000 0.000000 0.000000 0.000000 0.000000 0.000000 0.000000 0.000000 0.000000 0.000000 0.000000 0.000000 0.000000 0.000000 0.000000 0.000000 1.000000 0.000000 0.000000 1.000000 1.000000 0.000000 1.000000 0.000000 0.000000 0.000000 1.000000 0.000000 0.000000 0.000000 1.000000 0.000000 97.300000 171.700000 65.500000 55.700000 2212.000000 0.000000 0.000000 1.000000 0.000000 0.000000 0.000000 0.000000 1.000000 0.000000 0.000000 109.000000 0.000000 0.000000 0.000000 0.000000 1.000000 0.000000 3.190000 3.400000 9.000000 85.000000 5250.000000 27.000000 34.000000 8195.000000 
2.000000 94.000000 0.000000 0.000000 0.000000 0.000000 0.000000 0.000000 0.000000 0.000000 0.000000 0.000000 0.000000 0.000000 0.000000 0.000000 0.000000 0.000000 1.000000 0.000000 0.000000 1.000000 1.000000 0.000000 1.000000 0.000000 0.000000 0.000000 1.000000 0.000000 0.000000 0.000000 1.000000 0.000000 97.300000 171.700000 65.500000 55.700000 2275.000000 0.000000 0.000000 1.000000 0.000000 0.000000 0.000000 0.000000 1.000000 0.000000 0.000000 109.000000 0.000000 0.000000 0.000000 0.000000 1.000000 0.000000 3.190000 3.400000 9.000000 85.000000 5250.000000 27.000000 34.000000 8495.000000 
2.000000 94.000000 0.000000 0.000000 0.000000 0.000000 0.000000 0.000000 0.000000 0.000000 0.000000 0.000000 0.000000 0.000000 0.000000 0.000000 0.000000 0.000000 1.000000 0.000000 1.000000 0.000000 0.000000 1.000000 1.000000 0.000000 0.000000 0.000000 1.000000 0.000000 0.000000 0.000000 1.000000 0.000000 97.300000 171.700000 65.500000 55.700000 2319.000000 0.000000 0.000000 1.000000 0.000000 0.000000 0.000000 0.000000 1.000000 0.000000 0.000000 97.000000 0.000000 0.000000 1.000000 0.000000 0.000000 0.000000 3.010000 3.400000 23.000000 68.000000 4500.000000 37.000000 42.000000 9495.000000 
2.000000 94.000000 0.000000 0.000000 0.000000 0.000000 0.000000 0.000000 0.000000 0.000000 0.000000 0.000000 0.000000 0.000000 0.000000 0.000000 0.000000 0.000000 1.000000 0.000000 0.000000 1.000000 1.000000 0.000000 1.000000 0.000000 0.000000 0.000000 1.000000 0.000000 0.000000 0.000000 1.000000 0.000000 97.300000 171.700000 65.500000 55.700000 2300.000000 0.000000 0.000000 1.000000 0.000000 0.000000 0.000000 0.000000 1.000000 0.000000 0.000000 109.000000 0.000000 0.000000 0.000000 0.000000 1.000000 0.000000 3.190000 3.400000 10.000000 100.000000 5500.000000 26.000000 32.000000 9995.000000 
3.000000 256.000000 0.000000 0.000000 0.000000 0.000000 0.000000 0.000000 0.000000 0.000000 0.000000 0.000000 0.000000 0.000000 0.000000 0.000000 0.000000 0.000000 1.000000 0.000000 0.000000 1.000000 1.000000 0.000000 0.000000 1.000000 0.000000 0.000000 0.000000 1.000000 0.000000 0.000000 1.000000 0.000000 94.500000 165.700000 64.000000 51.400000 2221.000000 0.000000 0.000000 1.000000 0.000000 0.000000 0.000000 0.000000 1.000000 0.000000 0.000000 109.000000 0.000000 0.000000 0.000000 0.000000 1.000000 0.000000 3.190000 3.400000 8.500000 90.000000 5500.000000 24.000000 29.000000 9980.000000 
-2.000000 103.000000 0.000000 0.000000 0.000000 0.000000 0.000000 0.000000 0.000000 0.000000 0.000000 0.000000 0.000000 0.000000 0.000000 0.000000 0.000000 0.000000 0.000000 1.000000 0.000000 1.000000 1.000000 0.000000 1.000000 0.000000 0.000000 0.000000 1.000000 0.000000 0.000000 0.000000 0.000000 1.000000 104.300000 188.800000 67.200000 56.200000 2912.000000 0.000000 0.000000 1.000000 0.000000 0.000000 0.000000 0.000000 1.000000 0.000000 0.000000 141.000000 0.000000 0.000000 0.000000 0.000000 1.000000 0.000000 3.780000 3.150000 9.500000 114.000000 5400.000000 23.000000 28.000000 12940.000000 
-1.000000 74.000000 0.000000 0.000000 0.000000 0.000000 0.000000 0.000000 0.000000 0.000000 0.000000 0.000000 0.000000 0.000000 0.000000 0.000000 0.000000 0.000000 0.000000 1.000000 0.000000 1.000000 1.000000 0.000000 1.000000 0.000000 0.000000 1.000000 0.000000 0.000000 0.000000 0.000000 0.000000 1.000000 104.300000 188.800000 67.200000 57.500000 3034.000000 0.000000 0.000000 1.000000 0.000000 0.000000 0.000000 0.000000 1.000000 0.000000 0.000000 141.000000 0.000000 0.000000 0.000000 0.000000 1.000000 0.000000 3.780000 3.150000 9.500000 114.000000 5400.000000 23.000000 28.000000 13415.000000 
-2.000000 103.000000 0.000000 0.000000 0.000000 0.000000 0.000000 0.000000 0.000000 0.000000 0.000000 0.000000 0.000000 0.000000 0.000000 0.000000 0.000000 0.000000 0.000000 1.000000 0.000000 1.000000 1.000000 0.000000 1.000000 0.000000 0.000000 0.000000 1.000000 0.000000 0.000000 0.000000 0.000000 1.000000 104.300000 188.800000 67.200000 56.200000 2935.000000 0.000000 0.000000 1.000000 0.000000 0.000000 0.000000 0.000000 1.000000 0.000000 0.000000 141.000000 0.000000 0.000000 0.000000 0.000000 1.000000 0.000000 3.780000 3.150000 9.500000 114.000000 5400.000000 24.000000 28.000000 15985.000000 
-1.000000 74.000000 0.000000 0.000000 0.000000 0.000000 0.000000 0.000000 0.000000 0.000000 0.000000 0.000000 0.000000 0.000000 0.000000 0.000000 0.000000 0.000000 0.000000 1.000000 0.000000 1.000000 1.000000 0.000000 1.000000 0.000000 0.000000 1.000000 0.000000 0.000000 0.000000 0.000000 0.000000 1.000000 104.300000 188.800000 67.200000 57.500000 3042.000000 0.000000 0.000000 1.000000 0.000000 0.000000 0.000000 0.000000 1.000000 0.000000 0.000000 141.000000 0.000000 0.000000 0.000000 0.000000 1.000000 0.000000 3.780000 3.150000 9.500000 114.000000 5400.000000 24.000000 28.000000 16515.000000 
-2.000000 103.000000 0.000000 0.000000 0.000000 0.000000 0.000000 0.000000 0.000000 0.000000 0.000000 0.000000 0.000000 0.000000 0.000000 0.000000 0.000000 0.000000 0.000000 1.000000 0.000000 1.000000 0.000000 1.000000 1.000000 0.000000 0.000000 0.000000 1.000000 0.000000 0.000000 0.000000 0.000000 1.000000 104.300000 188.800000 67.200000 56.200000 3045.000000 0.000000 0.000000 1.000000 0.000000 0.000000 0.000000 0.000000 1.000000 0.000000 0.000000 130.000000 0.000000 0.000000 0.000000 0.000000 1.000000 0.000000 3.620000 3.150000 7.500000 162.000000 5100.000000 17.000000 22.000000 18420.000000 
-1.000000 74.000000 0.000000 0.000000 0.000000 0.000000 0.000000 0.000000 0.000000 0.000000 0.000000 0.000000 0.000000 0.000000 0.000000 0.000000 0.000000 0.000000 0.000000 1.000000 0.000000 1.000000 0.000000 1.000000 1.000000 0.000000 0.000000 1.000000 0.000000 0.000000 0.000000 0.000000 0.000000 1.000000 104.300000 188.800000 67.200000 57.500000 3157.000000 0.000000 0.000000 1.000000 0.000000 0.000000 0.000000 0.000000 1.000000 0.000000 0.000000 130.000000 0.000000 0.000000 0.000000 0.000000 1.000000 0.000000 3.620000 3.150000 7.500000 162.000000 5100.000000 17.000000 22.000000 18950.000000 
-1.000000 95.000000 0.000000 0.000000 0.000000 0.000000 0.000000 0.000000 0.000000 0.000000 0.000000 0.000000 0.000000 0.000000 0.000000 0.000000 0.000000 0.000000 0.000000 1.000000 0.000000 1.000000 1.000000 0.000000 1.000000 0.000000 0.000000 0.000000 1.000000 0.000000 0.000000 0.000000 0.000000 1.000000 109.100000 188.800000 68.900000 55.500000 2952.000000 0.000000 0.000000 1.000000 0.000000 0.000000 0.000000 0.000000 1.000000 0.000000 0.000000 141.000000 0.000000 0.000000 0.000000 0.000000 1.000000 0.000000 3.780000 3.150000 9.500000 114.000000 5400.000000 23.000000 28.000000 16845.000000 
-1.000000 95.000000 0.000000 0.000000 0.000000 0.000000 0.000000 0.000000 0.000000 0.000000 0.000000 0.000000 0.000000 0.000000 0.000000 0.000000 0.000000 0.000000 0.000000 1.000000 0.000000 1.000000 0.000000 1.000000 1.000000 0.000000 0.000000 0.000000 1.000000 0.000000 0.000000 0.000000 0.000000 1.000000 109.100000 188.800000 68.800000 55.500000 3049.000000 0.000000 0.000000 1.000000 0.000000 0.000000 0.000000 0.000000 1.000000 0.000000 0.000000 141.000000 0.000000 0.000000 0.000000 0.000000 1.000000 0.000000 3.780000 3.150000 8.700000 160.000000 5300.000000 19.000000 25.000000 19045.000000 
-1.000000 95.000000 0.000000 0.000000 0.000000 0.000000 0.000000 0.000000 0.000000 0.000000 0.000000 0.000000 0.000000 0.000000 0.000000 0.000000 0.000000 0.000000 0.000000 1.000000 0.000000 1.000000 1.000000 0.000000 1.000000 0.000000 0.000000 0.000000 1.000000 0.000000 0.000000 0.000000 0.000000 1.000000 109.100000 188.800000 68.900000 55.500000 3012.000000 0.000000 0.000000 0.000000 0.000000 1.000000 0.000000 0.000000 0.000000 1.000000 0.000000 173.000000 0.000000 0.000000 0.000000 0.000000 1.000000 0.000000 3.580000 2.870000 8.800000 134.000000 5500.000000 18.000000 23.000000 21485.000000 
-1.000000 95.000000 0.000000 0.000000 0.000000 0.000000 0.000000 0.000000 0.000000 0.000000 0.000000 0.000000 0.000000 0.000000 0.000000 0.000000 0.000000 0.000000 0.000000 1.000000 1.000000 0.000000 0.000000 1.000000 1.000000 0.000000 0.000000 0.000000 1.000000 0.000000 0.000000 0.000000 0.000000 1.000000 109.100000 188.800000 68.900000 55.500000 3217.000000 0.000000 0.000000 1.000000 0.000000 0.000000 0.000000 0.000000 0.000000 1.000000 0.000000 145.000000 0.000000 0.000000 1.000000 0.000000 0.000000 0.000000 3.010000 3.400000 23.000000 106.000000 4800.000000 26.000000 27.000000 22470.000000 
-1.000000 95.000000 0.000000 0.000000 0.000000 0.000000 0.000000 0.000000 0.000000 0.000000 0.000000 0.000000 0.000000 0.000000 0.000000 0.000000 0.000000 0.000000 0.000000 1.000000 0.000000 1.000000 0.000000 1.000000 1.000000 0.000000 0.000000 0.000000 1.000000 0.000000 0.000000 0.000000 0.000000 1.000000 109.100000 188.800000 68.900000 55.500000 3062.000000 0.000000 0.000000 1.000000 0.000000 0.000000 0.000000 0.000000 1.000000 0.000000 0.000000 141.000000 0.000000 0.000000 0.000000 0.000000 1.000000 0.000000 3.780000 3.150000 9.500000 114.000000 5400.000000 19.000000 25.000000 22625.000000 
