#
194
32
1
-0.461658775 0.194749149 1.222298321 0.126851011 0.124328171 -0.625415 -0.777270054 -0.6725106 -0.47869674 -0.230666429 0.080577495 0.067406781 1.167937802 -0.131227889 0.026162969 -0.790577653 -0.96472532 -0.409830559 -0.959146314 -0.380863344 -0.261242135 0.150510805 1.13711212 -0.015156263 0.058332069 -1.105402274 -1.038899045 -0.698169288 -1.349661502 -0.736488824 -0.45139525 1.093246679 0.326440923
0.407310847 0.185290416 -2.749752101 0.374159851 0.090349234 1.239475322 2.686859876 2.026884609 1.77526782 1.770876046 2.190641406 1.584473547 -0.69818493 1.981063345 1.730668622 -0.132924256 0.998250063 0.610353366 0.130101747 0.977923548 1.122304207 1.033761675 -2.117786904 1.542419766 1.051448891 0.827414348 1.818616263 1.578701238 1.909773601 1.861111741 1.3159275 0.06791501 -0.221076706
2.00042182 1.250974404 -1.121257561 1.060091918 1.143696281 -1.143396021 -0.472665525 -0.434287211 -0.147447866 1.460167286 -0.362563366 -0.060064262 -1.256865727 -0.15135802 0.246905301 -0.210531371 0.1782302 -0.377890221 0.524809322 1.072384669 0.530527899 0.920705563 -1.516248603 0.657827589 0.932206734 -1.137087792 -0.118815363 -0.541380516 0.54362223 1.500633908 -0.005002371 -0.188417907 -0.586088458
2.203181398 -1.886172248 -0.443102611 -1.735897839 -1.650788128 3.15116638 2.81228527 1.199445973 0.541549791 2.41397092 4.760309615 -0.34985919 -0.223078838 -0.372331957 -0.896789879 0.773941645 2.437652627 0.747649147 0.637065604 4.050505061 2.668409553 -1.432274755 -0.606524927 -1.431544443 -1.420781716 2.982029598 3.03109686 1.435645789 1.736259199 4.611274086 3.847358816 -0.444750824 -0.586088458
-0.577521391 0.910459994 -1.836318903 0.948103009 0.928496346 -0.196276053 -0.195933307 0.587677033 0.515049881 -0.432988412 -0.536801413 0.494354096 -0.933179566 0.539471472 0.502841459 1.570083601 -0.378594284 0.760520627 0.669656138 -0.316505218 0.569501035 0.364846349 -2.226558213 0.418467353 0.295112924 -0.295158303 -0.963987439 -0.206058544 -0.3503064 -1.159071453 -0.654939173 0.324247927 -0.586088458
0.870761312 -1.466835057 -1.617187202 -1.408330281 -1.320626123 1.279136963 0.283868597 0.142241583 -0.298791796 0.239009603 1.220670544 -0.6980649 -1.011068918 -0.576378284 -0.82140429 0.32736622 -0.082147241 0.223255541 -0.286332851 -0.2978206 0.568988231 -1.290954615 -1.616779662 -1.139108676 -1.138859188 1.207640568 0.332466653 0.937812827 -0.165810073 0.354395405 1.269135794 -0.188417907 -0.586088458
0.870761312 -1.164155581 -0.339303384 -1.147022827 -1.107691452 1.279136963 0.435175422 -0.883105715 -0.793751225 0.965201006 1.614421092 -0.066195781 0.195742249 -0.184298234 -0.4026186 0.67191505 -0.058476564 -0.764988047 -0.121569597 -0.596774477 0.72180395 -0.925877589 -0.336244704 -1.024632042 -0.85983254 0.972262432 0.021945962 -0.962535758 -0.501856954 -0.035784722 1.138119016 0.580580844 1.238970305
2.087318782 -1.388012277 -0.110945085 -1.273010349 -1.272206138 1.945452518 1.006557772 0.417114724 0.197934293 1.52158646 1.529359998 -0.960752062 -0.514927016 -0.847677548 -0.957389896 -0.356379225 0.20810034 -0.257279692 -0.523519513 0.085214054 -0.130989811 -1.295665287 0.090600282 -1.177267554 -1.128468086 1.194061061 1.060438312 0.589329753 0.605121006 1.560038495 0.768464535 -0.444750824 -0.403582582
0.841795658 -1.558269482 0.401131102 -1.43772737 -1.396512416 1.255339978 1.930325753 1.000691548 -0.040564896 0.365460843 2.70100797 -0.988827962 0.616458453 -1.01558114 -0.965303301 0.117960815 2.301828031 1.740183228 -0.15053896 -0.282250086 3.115575013 -1.389878713 1.73041017 -1.473866108 -1.175994603 1.873036454 4.18920613 3.828105118 0.934578732 1.543837244 5.461672686 1.605912513 3.064029068
2.203181398 -0.435833092 0.216599143 -0.56374726 -0.485027432 -1.643132688 -1.512103592 -1.738313586 -1.577559672 -1.448211219 -0.791984695 -0.724527243 -0.164330179 -0.820227369 -0.620237221 -0.925721078 -1.243193921 -1.426200713 -1.368881746 -0.623763369 -0.493542541 -0.424191095 0.609736076 -0.566725503 -0.428857316 -1.16877331 -1.265446242 -1.660074127 -1.728537887 -0.370610574 -0.292771365 -0.444750824 -0.586088458
2.261112707 -0.511502961 -1.017458334 -0.521751419 -0.532597943 -0.45011055 -0.267604961 -0.800220891 -0.610901847 -0.313762957 -0.263782741 -0.316942617 -0.547333534 -0.317889103 -0.335979405 -0.342998688 0.523145771 -0.620541445 -0.422126741 -0.054920575 0.071567937 -0.134484809 -0.477977016 -0.126163909 -0.175041867 -0.195575246 1.18609649 -0.226086306 0.056024796 0.768877408 0.65616444 -0.752350325 -0.586088458
2.029387474 -0.489432583 0.380371257 -0.517085215 -0.527784261 -1.488452291 -0.844959949 -0.80247626 -0.976600603 -0.295698495 -1.284515868 -0.647721906 -0.370898045 -0.620298569 -0.702078482 0.994385994 -0.003808573 0.456849056 0.863388755 0.955086794 -0.514054718 -0.977694973 -0.41535111 -0.976066197 -0.894753458 -1.395098442 -1.040107297 -1.166246717 -1.461677129 -0.558275064 -1.305811809 -0.957416659 -0.586088458
-0.316830505 -0.902463951 1.208458424 -0.842319671 -0.878616785 0.88252056 0.335631458 0.107001436 -0.387713716 1.35178051 1.101310622 -0.755184835 -0.456178356 -0.631278641 -0.786002217 -0.39785889 0.62402794 0.309065403 -0.769759101 -0.211663754 0.749495389 -0.831664163 1.145352371 -0.556318536 -0.781132717 1.080898495 1.770890321 1.525484611 -0.159220919 1.344021816 2.027161437 1.605912513 0.508946799
2.203181398 -0.858323194 -0.500768848 -0.935177141 -0.805845228 -0.325573 -1.406387903 -1.160939029 -1.007517165 -1.238663451 -0.483295241 -0.423760124 -0.063888923 -0.486707701 -0.518404201 -0.360727899 -1.110694492 -0.998581563 -0.735357982 -0.675665084 -0.984296377 -0.452455123 0.115321034 -0.580601459 -0.449298828 0.112226933 -1.072125967 -0.827491414 -0.385448557 -0.261252131 -0.403199792 -0.906150075 -0.586088458
-1.06993751 -0.401151069 -0.373903126 -0.311772215 -0.482195854 1.12842273 1.185736906 0.223998722 0.470883365 0.849588445 1.484085545 -0.112343525 -0.380373635 -0.18521324 -0.33556291 0.076815663 -0.356050783 -0.431283025 -0.394967963 -0.386053515 0.070542328 -0.007296684 0.214204043 -0.115756942 -0.147786517 1.583340286 0.354819309 0.242563345 0.633674009 0.652768443 1.09600648 0.06791501 -0.403582582
-0.78028097 -0.650231054 -1.854772099 -0.573079669 -0.749496824 0.35898691 1.410706264 0.7244088 0.316595001 2.139391086 1.039572731 -0.533159323 -1.06905953 -0.400239638 -0.528608328 -0.002464019 1.237211178 1.121875494 1.334140909 1.672368491 0.199769044 -0.687988688 -1.82937813 -0.521628647 -0.716912298 -0.222734261 1.394519911 1.112912696 1.336517158 1.950218621 0.406296728 -0.803616908 -0.586088458
-1.06993751 1.184763269 0.170466153 1.046093304 1.231475201 -0.673802201 -0.805142364 -0.657004936 -0.01435943 -0.577504114 -1.366833056 0.282978063 -0.278037261 0.020205595 0.493470322 -0.691896192 -1.056026501 -1.133493736 -0.863909532 -1.015102298 -1.03455121 1.926433887 0.89155265 1.66036539 2.066710686 -0.172942733 -0.631718217 -0.689585961 0.493105379 -0.540723709 -0.726062567 0.580580844 -0.403582582
1.421108739 -0.237199686 -0.212437662 -0.223114329 -0.182614893 0.739738656 0.060890119 -0.053693631 0.144051143 0.239009603 0.076461635 0.654419001 -0.705007355 0.547249022 0.672771405 -0.250338468 -0.704911467 -0.644377518 -0.697335693 -0.615459095 -0.617128407 1.288137925 0.227388444 1.278776608 1.385326931 1.655764328 -0.040883128 0.191635605 0.681994475 0.527208748 0.22755241 0.06791501 -0.586088458
2.00042182 -0.082707037 -1.361149108 0.056857943 -0.15967911 1.255339978 1.691420241 0.93866889 1.569157409 4.014482321 1.562286873 1.426344911 -0.564200085 1.380361939 0.856029191 0.412332631 0.375485837 -0.17194655 1.596675764 0.256489713 1.763822544 0.296541615 -1.447030497 0.425405331 0.100918554 0.478873646 0.183247566 -0.290175148 1.681349578 1.13880597 0.707635317 0.785647178 -0.403582582
1.623868317 -0.889852306 -0.17783792 -0.81058948 -0.918258878 0.208272677 0.879141499 -0.194654216 0.03010153 1.167522989 0.891401793 -1.127916619 -0.550555235 -0.983098428 -1.025486824 -0.784221898 -0.043823288 -0.672980805 -0.295385777 -0.629991575 -0.150476379 -0.793978792 0.499316717 -0.615291348 -0.860002886 0.388343593 1.810762627 0.6745908 2.013003689 1.406126611 1.718336175 -0.188417907 -0.586088458
-0.896143586 0.380770911 -0.473089054 0.341496419 0.353685996 -0.664283407 -0.717543676 -0.103029836 -0.279652973 -0.837632378 -0.789240789 0.803189003 1.090237962 0.628227049 0.484099185 1.322543665 -0.231497937 0.4711507 0.716731353 0.240919199 0.10900266 0.075140064 -0.481273116 -0.008218285 0.002117909 -0.458112398 -0.923511006 -0.523069419 -0.646818353 -1.19012385 -0.775193858 0.272981344 1.786487934
0.14661996 -0.662842699 0.68484899 -0.577745874 -0.670212638 0.430377862 0.538701144 0.169024094 0.02067934 -0.010279983 0.364571792 -0.5325139 -0.495975835 -0.348084299 -0.557971223 -0.522966911 -0.042696113 -0.246315098 -0.782433197 -0.304048806 -0.532002873 -0.169814844 1.076134265 0.317866674 -0.226145649 0.913417898 1.488763545 1.13007935 0.526051152 1.086151905 0.373542534 -0.444750824 -0.586088458
1.363177431 0.052868145 -1.672546789 0.010195897 -0.039620199 -0.341437656 -0.536373662 -0.811356777 -0.214286528 -0.68589089 -0.171861881 -0.011980249 -0.855100703 0.181246642 -0.191455652 -0.391168621 -0.056222214 -0.326881025 -0.291764606 -0.141077422 -0.134579442 -0.231053571 -1.756863923 -0.181667732 -0.297690943 -0.833812116 -0.503643535 -1.070685677 -0.721495438 -0.629830589 -0.54217116 0.580580844 -0.586088458
2.00042182 -1.753749977 -0.830619725 -1.719566123 -1.496467122 0.644550719 0.178351996 -0.486442628 -1.03018931 1.344554725 2.091860781 -0.392134397 -0.46186371 -0.358606868 -0.610033094 -0.416591642 0.158504636 0.053542701 -0.85304602 0.220158513 0.852569079 -0.982405645 -0.339540804 -0.719361016 -0.873971253 0.895311887 1.286381382 1.485429085 -0.523820802 2.07712842 2.312590846 0.06791501 -0.221076706
1.160417852 -0.120541971 0.387291205 -0.092460602 -0.197622256 1.342595587 0.13853441 1.203674791 0.986159391 1.153071419 0.147803198 -0.01004398 0.235539727 -0.118875309 -0.052346333 0.49228134 -0.028606425 0.452558563 -0.729926226 0.042654648 -0.077145346 -0.026139369 0.314735101 -0.140039864 -0.098386195 0.881732379 -0.052361519 0.702629668 0.137291035 0.415150096 -0.278733853 -0.803616908 -0.403582582
0.175585614 0.58886305 0.961646928 0.612136282 0.546233305 -0.695219487 0.582500488 0.132374342 -0.320286168 -0.274021139 -0.018203131 -0.155586867 -1.265014735 -0.33435921 -0.044224681 -0.595890839 0.104400233 -0.283976094 -0.997349661 -0.537606522 -0.05560756 0.744055389 0.118617134 0.737614335 0.700536258 0.315919551 1.778743957 0.990457232 0.001115175 0.606864898 1.007102238 0.324247927 -0.586088458
1.797662242 -0.401151069 -1.019764984 -0.363100465 -0.458410598 0.097220084 0.263959804 -0.294736232 -0.27346966 0.249848281 0.330272964 -0.871360976 -1.114352851 -0.949700711 -0.734356842 -0.873536983 -0.149214157 -0.68108507 -1.101639369 -0.371521035 -0.09611911 -0.183946858 -0.481273116 -0.257985488 -0.239773324 0.030749886 1.303901032 0.522952025 0.174629577 1.414227236 1.521811008 -0.188417907 -0.586088458
-0.461658775 -0.993898376 -0.134011579 -0.986972012 -0.951671499 -0.360475244 -0.653835539 -0.344072437 -0.907700838 -0.158408578 -0.204788756 -1.026262496 -0.482710009 -0.732844301 -0.945103295 -0.307205751 -0.077638541 0.344342791 -0.641207551 -0.034159889 0.009005797 -1.20145186 0.029622427 -0.830368661 -1.025749485 0.030749886 0.357839939 0.472596507 -0.741262901 0.497506455 0.497072638 0.06791501 1.786487934
0.725933041 -0.760582946 0.668702443 -0.897847505 -0.765353662 -0.706324746 -1.818300824 -1.865319074 -1.702403692 -1.314534195 -1.056771649 1.968500233 1.732682977 1.746821822 0.74357555 0.028980243 -1.149018444 -1.084391426 0.727594865 -1.321114808 -1.154034642 -1.413432069 -0.820771445 -1.547061774 -1.197458191 -2.265544897 -1.89246847 -2.357726941 -3.2826998 -2.237804744 -1.67219087 0.324247927 1.238970305
0.841795658 -1.236672539 -0.341610034 -1.231014509 -1.160641962 -0.093155789 -0.341267494 -0.704931535 -0.954517345 -0.754535849 0.198565464 -1.261841892 -1.293062482 -1.241587609 -1.078173437 -0.478142112 -0.503710717 -0.497547308 -0.458338445 -0.709920215 -0.419185899 -1.286243944 -0.685631333 -1.139108676 -1.12659428 0.773096316 0.349986303 0.383329906 1.040005204 -0.560975273 0.763785365 -0.188417907 -0.586088458
-0.374761813 -1.249284184 -0.166304672 -1.334604249 -1.149881965 -1.678034931 -1.63912169 -1.764955137 -1.957980601 -0.523310725 -0.942899539 -1.179550459 -0.847520231 -1.229235029 -1.036315693 -1.176271634 -1.144509744 -1.288428211 -1.497433295 -0.706806112 -1.394027113 -1.192030518 0.011493875 -1.305620145 -1.045679959 -1.562579039 -0.96821632 -1.301863283 -1.477051823 -0.308505779 -0.903871051 -0.701083741 -0.586088458
1.508005701 -2.034359074 -0.219357611 -2.000938257 -1.693261799 1.580565428 -0.414930027 -0.731714046 -0.886795353 -0.122279652 0.817316324 -1.185681978 0.292393268 -1.114859285 -1.110451797 0.4240406 -0.771414796 -0.713978851 -0.865720117 -0.730680901 -0.494568149 -1.919829235 0.850351396 -1.835681653 -1.512257485 2.126520602 -0.572513883 -0.192897442 -0.791779753 -0.349008906 0.247204926 -0.08588474 -0.586088458
-1.098903164 0.525804826 0.578743113 0.6308011 0.382001777 -0.949053984 1.520204624 0.766696976 0.376955906 1.377070757 0.094297026 1.216905147 0.743431361 2.091321562 0.720668327 -0.083081755 3.904107392 2.68409172 2.033026798 3.396543455 1.867409039 0.729923375 0.492724516 1.292652564 0.424575837 -0.870024137 2.294667439 1.649084519 1.556155642 1.954268934 0.609372734 -0.290951074 -0.586088458
1.942490512 -1.299730763 -0.466169106 -1.281409518 -1.200284055 0.105152412 0.019081654 -0.815303673 -0.742812509 0.16313886 0.696584449 -0.753893989 -0.85055242 -0.838069985 -0.81140841 -0.576823573 -0.55556077 -0.90943465 -1.012377519 -0.354912487 -0.352521323 -0.850506848 -0.359317406 -0.937907318 -0.842457255 0.410976106 0.047319248 -0.398325067 -0.642425584 0.697321883 0.557901857 -0.137151324 -0.403582582
0.841795658 -1.334412786 -0.113251734 -1.370067404 -1.239076675 -0.446937619 -0.755370382 -1.039149083 -1.009578269 -0.660600643 -0.133447193 -1.3238025 -1.253454515 -1.338120737 -1.162097173 -1.152855695 -0.985578059 -1.25887148 -1.502502934 -0.983961269 -1.171469992 -1.121370448 -0.04783593 -1.201550477 -1.126083242 0.288760535 0.156061902 -0.361702872 -0.389841327 0.635217087 0.252819931 -0.598550575 -0.403582582
-1.127868818 0.393382556 -1.084351169 0.416155692 0.302717591 0.565227439 0.516801472 0.579219397 0.414939111 -0.078924941 -0.309057194 0.080315241 -1.156803495 0.015630566 0.026371216 -0.168048165 0.485385407 0.696639951 0.325644949 0.381053829 -0.240729958 0.430795747 -1.460214898 0.36296353 0.281485249 1.085424998 0.87255517 1.708023364 1.303571385 0.778328137 0.050211842 -0.547283991 -0.586088458
1.85559355 -1.334412786 -0.839846323 -1.343936658 -1.230298783 1.033234793 -0.389048596 -0.475165781 -0.394780359 0.719524313 0.689724684 -1.02271267 -0.720168299 -1.080546562 -0.958847629 -0.08843397 -0.449042726 -0.566195198 -0.54343595 -0.329999663 -0.18534708 -1.253269245 -0.367557656 -1.295213178 -1.094228552 1.569760779 0.314342877 0.369596583 0.666619781 0.914688666 1.269135794 -0.957416659 -0.403582582
0.030757344 -0.725900923 -0.064812095 -0.817588787 -0.725711569 -0.968884804 -1.430079366 -1.462876603 -1.574320794 -1.130276674 -0.809820086 -0.947198179 -0.833496358 -0.989045967 -0.840979553 -0.709625404 -1.185088046 -1.18688654 -1.073575299 -1.002645886 -1.218135195 -0.680922681 0.248813095 -0.778333828 -0.633272442 -0.227260764 -0.959758558 -0.943080217 -0.55896296 -0.739189033 -0.563695345 -0.188417907 -0.586088458
-1.040971856 0.569945583 -0.860606169 0.500147374 0.517917525 0.200340349 -0.317376942 -0.338434013 0.092229097 -0.042796016 -0.429789069 0.398508781 -0.15295947 0.264512184 0.67068893 -0.113187963 -0.465950352 -0.54712634 0.041383071 -0.216853925 -0.716099662 1.212767184 -0.336244704 1.039416372 1.266084774 0.836467353 -0.08135956 -0.275297381 0.673208936 0.424600825 -0.366702261 0.170448177 1.786487934
0.436276501 -0.84886446 -0.163998023 -0.897380884 -0.883996783 0.866655904 -0.122270774 -0.380722189 -0.164231143 0.354622165 0.663657574 -0.585438586 -0.234449546 -0.697159069 -0.628983615 -1.049491046 -0.156540795 -0.724943445 -0.440232593 -0.253185126 0.053106978 -0.735095401 0.085656132 -0.847713606 -0.709076385 -0.322317319 0.389254483 -0.442386145 0.108738032 0.641967609 0.87140629 1.86224543 0.508946799
-0.374761813 -0.993898376 -0.034825651 -0.856784905 -0.915710458 0.168611037 1.157864597 0.80616594 -0.008176118 0.072816546 1.396280545 0.321380732 -0.010825618 0.509733778 -0.198119571 0.873292133 2.211090438 1.337830315 0.602664485 -0.374635138 1.081279853 -0.782202114 -0.110461835 -0.729767983 -0.753366329 0.908891395 1.571528787 1.465973544 0.001115175 -0.511021416 1.049214774 -0.701083741 -0.586088458
-0.809246624 -1.488905435 0.354998113 -1.497454788 -1.331102962 0.747670984 -0.327331339 -0.613307155 -0.532285447 -0.086150727 0.433169449 -0.576079952 -0.181386241 -0.609318498 -0.704577451 0.329373301 -0.273203415 -0.533778139 -0.40764206 -0.442107367 -0.206884866 -0.918811582 0.54216602 -0.983004174 -0.874652637 1.863983449 0.250909662 -0.19232522 -0.150435379 0.216684772 0.576618539 -0.854883492 -0.403582582
1.710765279 -0.826794082 0.378064607 -0.811056101 -0.851716793 1.144287386 0.104689463 -0.417371941 0.102534617 0.087268116 0.520974449 -0.79487835 0.013810917 -0.827547417 -0.729983644 -0.031232174 -0.463696002 -0.84746086 -0.599564092 -0.167028279 -0.400212135 -0.866994198 0.528981619 -0.885872484 -0.811965332 0.945103416 -0.138751517 -0.764547016 -0.374466633 0.132978309 -0.077997433 -0.854883492 -0.586088458
0.668001733 -0.06378957 0.511850278 -0.027133739 -0.112391756 0.343122254 0.803488087 0.181710547 -0.216936519 -0.00666709 0.291858276 -0.042960553 -0.441017412 -0.253381184 -0.017152508 -0.32660753 1.399524388 0.075948609 -0.702767448 -0.554215071 1.176661476 0.54856253 0.599847775 0.39765342 0.475679619 0.659933751 2.264461147 1.262262585 0.251503047 0.122177475 2.017803096 1.093246679 0.143935047
-0.606487045 -1.13577938 -1.501854727 -1.136290557 -1.090135668 -0.164546741 -0.291495512 -1.105400558 -1.063461419 -0.964083617 0.400242573 -1.049820436 -1.237914547 -1.053096383 -0.977589902 -0.69557584 -0.601774948 -1.112517992 -1.076472235 -0.8728916 -0.448415751 -1.041289036 -1.536025205 -1.035039008 -1.003945204 -0.127677706 -0.062631658 -0.904741356 -0.881831531 -0.855297998 0.571939369 0.06791501 -0.221076706
1.450074393 0.677144564 -1.571054212 0.616802487 0.529243837 0.406580878 0.638245107 1.11205041 0.96554835 2.482615879 0.655425855 1.997544268 -1.563116802 1.652118706 2.051369747 1.409517157 0.642062741 2.160174835 2.212274734 4.131471736 1.794078006 0.645131292 -2.137563506 0.46009522 0.393913568 0.429082117 -0.153854663 0.834812903 0.912614884 2.013673521 0.301015389 0.06791501 -0.586088458
-0.200967888 0.53526356 0.920127238 0.668130737 0.461285963 1.485377492 0.725843795 0.527063981 1.769378951 -1.065244608 1.302987732 -0.274344699 3.1009582 0.705545051 -0.066507162 0.250428132 1.644121378 -0.933747444 0.593611559 1.032939366 3.274544385 -0.15568283 0.41856226 0.04034756 -0.176745326 -0.213681256 -0.500622905 -1.10330232 0.124112726 -1.230626978 0.05863435 0.06791501 -0.403582582
1.276280469 -0.738512568 -0.569968333 -0.675736169 -0.746098931 0.089287756 0.252014529 0.192987394 0.03952372 -0.266795354 0.013351791 -0.410528952 -0.586183454 -0.252923681 -0.482169139 0.820773525 0.328144484 0.369132307 0.608096241 -0.584318066 -0.248422025 -0.650303318 -0.980632308 -0.57713247 -0.641789739 0.506032661 0.336695534 0.482324277 0.725922172 -0.524522458 -0.394777285 -0.701083741 -0.586088458
-1.06993751 1.061799732 0.122026514 1.055425713 1.038927892 0.041693788 0.176361117 0.104182225 0.432605717 -0.465504445 -0.86881407 0.493385962 0.34924681 0.382547951 0.472645574 0.018610327 0.812829764 -0.190061966 0.150018184 0.931212005 0.033107605 0.760542739 -0.123646236 0.685579501 0.705646636 -0.245366775 0.278699451 -0.34510844 0.211968119 0.200483521 -0.667572934 0.580580844 -0.221076706
1.681799625 -0.940298885 -0.58380823 -0.947309273 -0.924771508 -0.416794773 -0.56822773 -0.880004582 -0.836739968 -0.180085933 0.158778823 -1.014967594 1.094028198 -0.861402637 -0.904703283 0.404304308 -0.133997294 -0.367879071 -0.165023642 -0.6216873 0.229511701 -1.097817092 0.112024934 -1.06279092 -0.980096773 -0.037147654 -0.374360601 -0.667269311 -0.48208949 -0.68113455 0.128821909 -1.265016159 -0.403582582
0.610070425 -1.012815843 0.857847701 -0.862850971 -0.953370446 0.176543365 0.815433362 0.634194026 -0.259925262 -0.125892545 0.481187808 -0.453772293 0.269651852 0.502413731 -0.554847511 0.233367947 2.008198925 1.285390955 0.360046068 -0.76182193 0.865901994 -0.928232925 0.855295547 -0.462655835 -0.845523481 0.370237583 1.700811721 1.189590417 0.012097099 -0.766191118 0.716993658 -0.752350325 -0.586088458
1.565937009 -1.353330253 -1.554907665 -1.286542343 -1.242757726 2.936993523 0.674080934 0.715951165 0.270956267 -0.013892875 1.945061796 -0.688060843 -0.663125246 -0.845847536 -0.742061998 0.122309489 -0.124416306 0.658025513 -0.230204709 -0.533454385 1.586392213 -1.102527763 -1.282225483 -1.170329577 -0.978734006 1.913774978 0.273866444 1.153540444 0.442588528 -0.10193983 2.326628358 -0.701083741 -0.586088458
-0.085105272 -0.798417881 -1.298869572 -0.753195164 -0.811508384 1.064964105 0.443138939 0.178891335 0.071323612 0.824298197 0.677377105 -0.572530126 -0.615557783 -0.580953314 -0.606284639 0.063100613 -0.321108356 -0.515662723 -0.442043179 -0.476362499 -0.061761214 -0.51369385 -0.463144565 -0.452248868 -0.522547582 1.98619902 0.504038396 0.196785601 0.532640306 0.489405829 0.735710341 -0.701083741 0.143935047
1.652833971 -0.511502961 0.14047971 -0.423761124 -0.528067418 1.009437809 0.648199503 0.803346728 0.235034167 0.603911751 1.449786717 -0.167849904 -0.382268753 -0.302334002 -0.24289278 0.636456627 0.475240831 0.885421649 -0.226583539 -0.587432169 1.015128082 -0.188657529 0.052695129 -0.341241222 -0.22103527 1.88208946 0.772874403 1.714317804 0.548015 0.069523409 1.61071525 0.324247927 -0.221076706
-0.345796159 0.172678771 -0.528448642 -0.027133739 0.036549251 -1.487659058 -1.501551932 -1.175317008 -0.908289724 0.723137205 -1.713937197 -0.172367865 -0.113161992 -0.412592219 -0.338478375 -0.927393645 -1.290929785 -0.858902175 -0.957516787 3.065410515 -1.078139587 -0.096799439 -0.387334258 -0.379400101 -0.239773324 -1.662162097 -1.476286166 -1.208018908 -1.31671573 2.240491034 -1.388165212 0.06791501 -0.403582582
1.768696588 0.396535467 -1.195070345 0.308832988 0.305549169 0.208272677 -0.64985378 -0.149546829 -0.004642796 0.134235719 -0.084056881 0.35107019 0.582346328 0.291047356 0.420167208 0.436752111 -0.581485797 -0.35786792 0.155449939 -0.016513306 0.290022623 0.296541615 -0.870212949 0.182576106 0.25082298 0.288760535 -0.818393107 -0.622636011 -0.242683543 -0.443516203 -0.290899697 2.118578347 2.516511439
-0.954074894 2.159012832 -0.484622302 2.399292619 2.242348576 3.325677597 2.868029889 3.812855225 3.368206849 2.623518688 0.826919996 2.920499161 3.498932988 2.538301968 3.388318592 5.530722578 3.760956158 4.141429225 0.55558927 2.580648499 3.010450105 1.184503157 -1.020185511 1.414067176 1.143435698 1.162375542 0.361464694 0.825657355 1.018041356 -0.000682011 -0.500058625 0.324247927 -0.586088458
0.754898695 0.503734448 -0.782180086 0.402157078 0.478275432 -1.634407127 -1.241543099 -0.896496971 -0.899161978 0.061977868 -1.687870088 0.276201122 0.129413117 0.437905811 0.227746533 -0.79225022 -0.22642565 -0.02511634 -0.27909051 -0.032083821 -0.676100916 0.313028965 -0.733424787 0.279707796 0.232084926 -1.89301373 -0.834704505 -0.659830428 -1.24423503 -0.515071728 -1.186960874 0.324247927 2.151499686
1.189383506 0.752814433 0.650249247 0.728791396 0.631180648 -0.101088117 0.323686182 1.38410434 0.827159932 0.986878362 -0.221252194 -0.350827325 -0.141588762 -0.68343398 -0.145016463 -0.589869597 0.026061566 0.315739504 -0.854856606 -0.501275322 -0.400212135 0.38604437 0.560294572 0.297052741 0.318961355 -0.743282063 0.13008449 0.751268521 -0.115293222 0.111376641 -0.286688444 0.06791501 1.421476181
1.652833971 -0.391692335 -0.17553127 -0.400430102 -0.451048495 -0.156614413 -0.283531995 -0.733123652 -0.903284186 0.835136875 -0.525825788 -0.551231167 -0.016510972 -0.647291245 -0.554222768 -0.642053692 -0.665460339 -0.89322612 -1.071945772 -0.545910797 -0.836608702 -0.358241697 0.247165045 -0.362055156 -0.386270831 -0.200101748 -0.356840951 -0.782858114 -1.037774855 0.347644884 -0.68254628 -0.854883492 -0.586088458
-1.156834472 0.910459994 -0.187064518 0.840780305 0.911506878 -0.808651778 -0.440811457 -0.056512843 -0.013181656 1.543263815 -0.877045789 0.732192473 -0.253400726 0.549079034 0.941410659 -0.622986426 -0.168939721 0.091203696 0.130101747 1.168921858 -0.375084718 1.299914604 -0.347781055 1.091451206 1.352961203 -0.969607195 -0.118815363 0.085202351 0.34814398 1.611342456 -0.568374516 -0.188417907 1.056464428
-1.06993751 -1.460529235 0.038987132 -1.542716972 -1.310432442 -0.969678037 -1.69287543 -1.53927724 -1.759820163 -1.242276344 -0.287105944 -1.185359266 0.201427603 -1.281847871 -1.050060027 0.235040514 -1.08815099 -0.839356595 -1.128254972 -0.429650956 -0.705330769 -1.531198852 0.525685519 -1.668476387 -1.274454555 -0.091465685 -1.282361766 -1.249218878 -1.869985071 -0.531272979 -0.472919435 -0.957416659 -0.586088458
-0.316830505 -0.773194591 -1.091271118 -0.836720226 -0.823967328 1.104625746 -0.24172353 -0.033959149 -0.016714978 0.101719686 -0.079941021 2.233123664 0.337876101 1.903287839 0.658194081 1.071658595 0.195701414 1.184326005 2.328152187 3.225267796 -0.573027227 -0.574932577 -1.442086347 -0.649981237 -0.733095162 -0.127677706 -0.895117091 -0.575141602 -0.258058236 0.258538003 -0.903403134 -0.854883492 0.873958552
1.536971355 -0.407456891 -0.980551942 -0.451758351 -0.441987445 -0.44138499 -0.576191247 -0.871687908 -0.80611785 -0.245117999 -0.036038521 0.325575981 0.110461937 0.125431279 0.078849582 -0.008819774 -0.673350565 -0.488966322 -0.63034404 -0.192979137 -0.292523205 -0.252251592 -0.809235094 -0.386338078 -0.287470186 -0.566748461 -0.851620029 -0.891580255 -1.2486278 -0.581226836 -0.430338982 -0.701083741 -0.403582582
-0.114070926 -1.766361622 -1.319629417 -1.670104355 -1.520818694 0.501768815 0.544673781 0.135193554 -0.372697101 2.706615217 1.504664842 -0.91750872 0.288603032 -0.90486542 -0.949059997 -0.458071307 0.281930307 0.265207029 0.593611559 3.702763572 0.323354911 -1.707849026 -0.626301528 -1.672292275 -1.379898691 -0.245366775 0.269637563 0.082341242 0.176825962 3.444784019 0.571939369 -0.496017408 -0.586088458
-0.085105272 0.087550168 -0.360063229 0.122184806 -0.015268628 0.692144688 0.474993007 0.411476301 0.54743866 0.152300182 -0.148538678 0.668941019 0.239329963 0.586136775 0.491804342 0.749522165 1.02642944 0.530740883 0.589990389 -0.293668463 0.494118785 -0.122708131 -0.835603896 -0.25104751 -0.169931489 -0.095992188 -0.089213196 -0.444675032 -0.591908732 -1.025411133 -0.626864149 3.143910016 0.691452676
1.07352089 0.784343545 -1.248123283 0.719458987 0.735949037 -0.180411397 -0.582163885 -0.091752989 0.744715767 -0.718406923 -0.174605787 1.442480486 -0.642089436 1.428857255 1.074689049 0.479904343 -0.028606425 0.032090235 2.299182824 1.766829612 -0.112528852 0.296541615 -1.82937813 0.255424874 0.180981145 -1.096349268 -1.070917715 -1.071830121 -0.231701618 -0.782392369 -0.949726923 1.605912513 -0.221076706
-1.127868818 0.689756209 -0.957485447 0.742790009 0.693475366 0.731806328 0.476983886 1.331948923 1.230547449 0.354622165 -0.263782741 0.427230104 -0.427751586 0.24392455 0.557610547 -0.916354702 -0.48229439 -0.030360277 -0.384104452 -0.389167618 -0.352008519 1.351731988 -0.624653478 1.20592784 1.414285741 -0.005462135 0.121022602 1.401884703 1.015844971 0.567711875 0.067992691 0.324247927 -0.586088458
0.436276501 1.850027533 -0.060198796 1.74135778 2.02998022 -1.458309444 -0.560264213 -0.337024407 0.300695055 -0.461891552 -0.989545946 0.194232401 -0.791424737 0.157456488 0.573853851 -0.631014748 -0.331816519 -0.605763079 0.195282814 -0.108898359 -0.135605051 1.653214952 -0.323060303 1.528543811 1.705577296 -0.956027687 -0.037862498 -0.235814077 1.23328707 0.494806246 0.051147677 -0.957416659 -0.03857083
-1.214765781 -0.19621184 -0.807553231 -0.255777761 -0.234432771 -1.12039227 -1.011795632 -1.016172508 -0.61973515 -0.129505437 -1.015613055 -0.016175498 0.222273901 -0.059399922 -0.061509222 -0.225249961 -0.373521996 -0.699200486 0.160881695 0.031236271 -0.262267744 -0.221632229 -0.639485929 -0.327365267 -0.241476783 -1.227617844 -0.922302754 -1.168535604 -0.681960511 -0.55692496 -0.865501852 0.06791501 -0.403582582
0.523173463 0.497428625 0.419584298 0.336830215 0.172464999 1.350527915 0.369476406 0.783612246 0.844826538 1.611908773 0.367315698 0.807061541 0.017601153 0.326275085 0.135701145 0.729785873 -0.385920922 0.139352563 0.057678338 1.404555643 0.250536682 0.183485504 -0.451608214 0.026471604 -0.125641545 0.189177478 -0.754355766 -0.463558352 -0.321753397 0.239636544 -0.502866127 -0.444750824 -0.221076706
1.07352089 -1.252437095 -0.616101323 -1.350469345 -1.143086178 -0.975230667 -1.587956092 -1.377595448 -1.543698676 -1.19530874 -0.827655476 -0.433441469 -0.2401349 -0.510955358 -0.560053698 -0.265391573 -1.166489658 -0.925643179 -1.033561365 -0.561481311 -1.095574937 -0.709186709 -0.05113203 -0.816492706 -0.695278364 -0.172942733 -1.268466871 -0.981991299 -1.371625351 -0.457017246 -0.798589711 -0.444750824 -0.403582582
1.479040047 -0.61239612 -2.401448028 -0.573079669 -0.657470537 1.818535269 0.255996287 0.660976537 0.674049341 0.134235719 1.090334997 -0.590924681 -1.166279085 -0.665133861 -0.53423101 -0.469444763 -0.457496539 0.100261404 -0.353324504 -0.279135983 0.083875244 -0.518404521 -2.165580358 -0.525097636 -0.510623366 0.415502609 -0.037862498 0.841107343 0.093363338 -0.008782637 0.478355956 -0.547283991 -0.403582582
-0.867177932 3.095427461 -0.099411837 3.14121914 3.626990258 0.525565799 0.970721945 1.843635848 2.973652635 -0.465504445 -0.691832117 0.748973471 0.392834524 0.714237608 1.216297338 -0.724343995 -0.335761631 -0.46894402 -0.496360735 -0.504389425 -0.644819846 2.85679147 0.439986912 2.798193759 3.090489777 0.148438954 0.234598264 0.560718663 1.984450686 -0.494820165 -0.465900679 0.580580844 0.143935047
0.175585614 1.16269289 0.984713423 1.302734553 0.96813844 0.898385217 2.798349115 1.3023472 1.848878681 1.684166625 1.541707576 0.083219644 -0.968049738 0.070988425 0.232536225 -0.85079007 0.916529871 -0.105205546 0.093890042 -0.272907777 0.661805832 1.33995531 0.54381407 1.261431663 1.170691049 0.234442504 2.37924506 1.384718049 2.456673427 1.182009306 1.760448711 0.580580844 0.691452676
0.523173463 -0.536726251 -0.459249158 -0.633740328 -0.573372668 -0.539745857 -1.088046308 -1.273989418 -1.028128206 -1.123050889 -0.995033758 -0.755507547 -0.234449546 -0.847677548 -0.610449589 -0.726016562 -0.490184616 -1.019557307 -0.974898405 -0.533454385 -0.80737885 -0.207500215 0.435042761 -0.375931112 -0.226145649 -0.114098198 -0.059611029 -0.834358076 -0.534802726 0.289590401 -0.209014211 -0.444750824 -0.403582582
0.986623928 -0.669148521 0.025147235 -0.740129792 -0.73194104 -0.968091571 -0.745415985 -1.445679411 -1.595226278 -0.729245601 0.058626245 -1.286367966 -1.47461479 -1.333545707 -1.057140441 -1.1729265 -0.979378596 -1.10536717 -1.655316325 -0.922717246 -0.733022208 -0.751582751 -0.354373255 -0.913624396 -0.730199281 -0.625592995 -0.209434242 -0.417780608 -1.226663951 -0.064136911 0.324879159 -0.649817158 -0.586088458
1.276280469 0.286183575 -0.858299519 0.178179261 0.203612358 -1.340117757 -1.153944412 -1.051835536 -0.844101054 -1.112212212 -1.165155946 -1.117589851 -1.512327639 -1.1171468 -0.861596054 -1.314760193 -1.248153491 -1.277940339 -1.526764776 -1.029634778 -1.496075194 0.075140064 -0.629597629 -0.032501208 0.014042125 -0.928868671 -0.725357725 -0.470425013 -0.468911181 -0.022283679 -1.0011978 1.605912513 -0.03857083
1.131452198 -1.003357109 0.188919349 -0.952442098 -1.017080953 0.374851566 1.964170701 0.589086638 -0.607368525 1.644424806 1.739268827 -1.026262496 1.58486377 -0.982183422 -0.803286759 0.392596338 5.865392012 3.607501189 0.273137978 3.16817591 3.956574272 -1.236781895 1.153592622 -1.170329577 -1.089118174 0.424555614 3.43223643 2.362072877 -0.027437828 2.623920639 2.518474354 -0.854883492 -0.586088458
0.78386435 -1.596104416 1.051606259 -1.569314337 -1.392265049 0.049626116 -0.146161325 -0.673920206 -1.212744245 0.05113919 0.909237184 -0.641267676 1.014433241 -0.739706846 -0.746643443 0.769927484 0.401410864 -0.157168185 -0.351513918 -0.189865034 0.855133101 -1.257979916 1.509571452 -1.333372056 -1.078045688 1.565234276 0.64057084 0.03713572 -0.714906283 -0.010132741 1.39079423 -0.854883492 0.143935047
0.812830004 -0.801570792 0.209679195 -0.671069965 -0.842938901 0.128949397 1.102119977 0.188758576 0.058073657 -0.693116675 0.545669605 -1.046916032 -0.590352713 -0.305536523 -0.939064118 0.429727329 1.121112146 0.695209786 0.666034968 0.502503841 0.157719081 -1.156700483 -0.395574509 -0.747112927 -1.051131029 -0.557695456 0.605531541 0.130980094 -0.126275146 -0.300405154 -0.176260016 2.631244181 1.056464428
1.276280469 -1.145238114 -0.002532558 -1.126958148 -1.076544093 1.366392571 -0.317376942 -0.25103845 -0.634457322 -0.342666098 0.826919996 0.048689514 1.588654006 0.296079889 -0.428857783 2.342809618 0.121307859 0.272834572 0.986508549 0.651980779 0.154642254 -1.083685078 0.631160728 -0.989942152 -1.013314231 1.34796215 -0.316364519 -0.315352907 -0.244879927 -0.192396814 0.119463568 -0.854883492 -0.586088458
-1.214765781 0.56048685 0.043600431 0.593471464 0.506591212 -1.391677889 0.00315462 -0.633041637 -0.562024235 -0.584729899 -1.022472821 -0.543163379 -0.380373635 -0.194820803 -0.33472992 -0.425623504 0.318563496 -0.661062769 -0.532572439 -0.670474912 -0.311496969 0.557983873 0.309790951 0.911063781 0.487603834 -0.53053644 1.181263483 -0.283308486 -0.168006458 -0.039835034 0.067056857 0.06791501 -0.403582582
-1.214765781 1.856333356 1.007779918 2.058659688 2.027148642 0.898385217 1.309171421 2.762698864 2.21398855 0.979652577 -0.062105631 -0.161718385 0.542548849 0.186736678 0.267938297 0.846531059 1.120548558 2.319399803 1.719795558 0.118431152 0.61052539 0.972522948 0.411970059 1.278776608 0.995234732 0.438135122 0.314947003 2.021028686 2.083288004 -0.033084513 -0.147717076 3.143910016 1.96899381
-0.258899197 -1.132626469 0.334238267 -1.083562445 -1.051343048 2.34206892 0.680053572 -0.007176638 0.145817803 1.163910097 1.573262498 -0.126542831 1.243742523 -0.160050577 -0.365967043 0.678270805 -0.013953149 -0.467513856 -0.405831474 -0.065300918 0.25720314 -0.421835759 1.923232036 -0.403683023 -0.423746937 3.561421934 0.944446147 0.163596737 0.501890918 1.632944124 0.833972924 -0.701083741 -0.586088458
-0.867177932 -0.719595101 -1.296562923 -0.746662478 -0.714951572 -1.111666709 -0.930965933 -1.139090138 -1.354960428 -1.209760311 -0.395490241 -1.07434651 -1.727613048 -1.045318833 -0.91324143 -0.443018202 -0.684058728 -0.979035983 -1.247753595 -0.558367208 -0.576104053 -0.758648758 -1.638204313 -0.778333828 -0.702262547 0.234442504 -0.190102214 -0.591163812 -1.169557945 0.259888108 0.309905813 -0.701083741 -0.586088458
-0.345796159 0.620392163 0.398824453 0.705460373 0.580212242 -0.326366233 0.403321353 0.560894521 0.54743866 0.690621172 -0.038782428 0.087092182 -0.630718728 0.244839556 0.117375366 -0.534340368 -0.18528376 -0.469420742 -0.355135089 -0.167028279 -0.152014793 0.678105991 -0.28845125 0.879842881 0.550631832 -0.770441079 -0.066860539 -0.430941709 0.104345262 0.346294779 -0.133211647 0.170448177 -0.586088458
0.78386435 0.005574477 0.751741825 -0.013135125 -0.059724404 -0.172479069 -0.558273334 0.167614488 -0.613551838 -2.243047581 -0.560124616 -0.24013728 0.745326479 -0.225015999 -0.244975255 8.139927309 3.055908152 4.904183562 4.366871129 0.118431152 4.38732999 -0.687988688 -0.347781055 -0.684671126 -0.648603576 -0.888130147 -1.119247784 -0.891008033 -1.505604826 -2.186500782 -1.057347848 -0.701083741 -0.403582582
0.754898695 -1.012815843 0.348078164 -1.022435166 -1.014815691 -0.646039053 -0.239732651 -0.631632031 -0.653301702 1.106103816 0.217772807 -0.591570104 1.08265749 -0.331614192 -0.818280577 1.366030411 0.325326547 -0.192922295 0.202525155 2.530822853 0.391557899 -0.972984302 0.769596939 -0.871996529 -1.00581901 0.542244682 0.24970141 -0.352547323 -0.027437828 2.027174563 0.553222686 0.06791501 -0.586088458
0.754898695 -1.116861913 -1.238896685 -1.111559673 -1.104859874 -0.013832508 0.180342875 -0.807691802 -0.906523064 0.640040677 0.880426168 -1.122107812 -0.151064352 -1.064076455 -0.991334236 -0.27977565 0.172030737 -0.087566852 -0.145107205 -0.126544942 0.284894579 -1.23442656 -0.535658771 -1.239709355 -1.110070724 0.094120922 0.437584552 0.157874519 -0.286611239 0.55016052 0.707635317 0.580580844 -0.221076706
0.030757344 0.755967344 -0.170917971 0.696127964 0.738780615 -0.709497677 -0.239732651 -0.410323912 0.003012733 0.596685966 -0.951131258 1.13364558 -0.166225297 1.019392092 1.12675092 0.002553682 0.02042569 -0.308288888 0.356424897 -0.170142382 0.020800299 1.116198423 -0.253842197 1.04635435 1.034414298 -0.390214859 -0.248098297 -0.425219491 0.077988644 -0.205897857 -0.384951027 -0.137151324 -0.586088458
0.78386435 0.670838742 2.345636623 0.616802487 0.718959568 -1.473380868 -0.590127402 -0.589343855 -0.6017741 -1.809500474 -1.318814696 0.436266026 0.089615638 0.211899342 0.824792068 -0.420605803 -0.275457765 -0.68108507 -0.791486123 -0.756631759 -0.89660682 1.627306259 2.509937886 1.389784254 1.831633291 -0.141257214 0.272658193 -0.208919653 -0.3503064 -0.687885072 -0.70641005 -0.034618157 -0.586088458
0.610070425 -0.334939933 -0.343916683 -0.251111556 -0.394416933 0.025829132 0.323686182 0.290250197 -0.067653693 0.188429107 0.46472437 -0.994636769 -0.02788168 -0.906237929 -0.859305332 -0.093117158 -0.35661437 -0.002710432 -0.309870459 -0.273945812 -0.194064756 -0.4972065 0.291662399 -0.389807067 -0.539582176 0.46982064 -0.114586482 0.925796169 0.128505496 0.488055725 0.419866323 -0.957416659 -0.403582582
0.870761312 -1.441611767 0.00669404 -1.377533331 -1.319210334 0.47797183 0.741770829 0.185939364 -0.535818768 0.70145985 1.344146326 -0.961397485 -0.387954107 -0.915845491 -0.94052185 0.062431586 0.408737502 0.281415559 -0.029229752 -0.395395824 0.826928857 -1.363970021 -0.004986626 -1.208488455 -1.185193283 1.529022255 1.025399012 1.099751595 0.422821064 0.249087274 1.568602715 0.06791501 4.341570202
0.465242155 -0.111083238 -0.742967045 -0.064463375 -0.209798042 0.898385217 0.289841235 0.489004623 0.6534383 0.73036299 0.06960187 -0.994314058 -1.127050142 -0.9634258 -0.797872324 -0.422947397 -0.633899437 -0.494686979 -0.23744705 -0.917527074 -0.855582466 -0.329977669 -0.871860999 -0.230233577 -0.362422399 1.194061061 0.174185678 0.376463245 1.665974884 -0.153243791 -0.007809873 -0.701083741 0.326440923
0.581104771 0.97982404 1.27073796 0.915439577 0.990791064 -0.887181825 -0.701616641 -0.012815061 -0.100336916 -1.737242623 -0.936039774 -0.258209124 -0.160539943 -0.225015999 -0.005907144 -0.594218271 -0.60346571 -0.303044952 -0.767948516 -0.791924925 -0.573027227 0.81942613 1.186553624 0.782711191 0.801040362 -0.9786602 -0.534453953 -0.122514161 -0.48648226 -1.060513843 -0.350793081 3.143910016 3.794052573
1.044555236 1.831110066 1.076979403 1.806684643 1.984674971 -0.609550344 0.508837955 0.545388857 1.086270162 -0.071699156 0.047650619 1.465070292 -0.58788906 1.367094353 1.780648018 -0.123223366 -0.152032095 0.192745367 0.363667238 -0.488818911 -0.487901692 2.359815648 0.713563235 2.284783397 2.627148824 0.189177478 0.290177843 0.835385125 1.775794126 -0.161344416 -0.187490026 -0.701083741 -0.403582582
-0.461658775 0.018186122 3.916464926 -0.064463375 -0.137309643 -0.369200804 -0.255659685 -0.205931063 0.038345946 -0.432988412 -0.422929304 -0.217547475 -0.791424737 -0.575005775 -0.443435107 -0.64774042 -0.195991923 -0.710641801 -0.255552902 -0.866663394 -0.638666193 0.357780342 2.420943178 0.036878571 0.010635206 -0.335896827 0.053964632 -0.640374887 0.618299315 -0.498870477 -0.272183015 -0.444750824 -0.586088458
0.436276501 0.629850896 0.27657203 0.668130737 0.526412259 -0.00590018 0.261968925 0.684939836 0.060429205 0.17759043 -0.376282897 -0.257240989 1.001167414 -0.101490196 -0.205824728 1.275711786 0.067203456 -0.084706523 0.079405361 0.129849529 -0.028428926 0.155221476 0.057639279 0.165231161 0.025966341 0.10770043 -0.409399901 -0.516202757 -0.484285875 -0.408413493 -0.684885865 -0.547283991 -0.403582582
0.841795658 -0.032260457 -1.204296943 -0.083128193 -0.11578965 -0.156614413 -0.767315657 -0.418781547 -0.096509151 -0.418536841 -0.907228758 -0.951070717 -0.790098155 -0.945125681 -0.763511489 -0.682195303 -0.918511142 -0.839356595 -0.458338445 -0.692273632 -0.842249551 -0.268738942 -0.838899996 -0.320427289 -0.30620824 -0.105045193 -0.749522759 -0.561980501 0.159254883 -0.114090768 -0.45139525 -0.854883492 -0.586088458
0.262482576 0.645615452 -0.685300808 0.546809419 0.566054352 0.057558444 -0.474656405 -0.259496085 -0.026431611 -0.552213866 -0.860582351 -0.026179555 -1.21195143 -0.21129091 0.014709357 -0.718322753 -0.751125644 -0.640563746 -0.449285519 -0.722376627 -0.745842318 1.109132416 -0.924598603 0.796587147 0.9713863 0.26160152 -0.29280361 -0.024664234 0.471141531 0.211284355 -0.059748668 3.143910016 0.691452676
0.320413885 -1.085332801 -1.211216891 -1.089628511 -1.038317789 0.541430455 -0.293486391 -0.823479387 -1.01134493 -0.075312049 -0.19792899 -0.57769351 -0.879168702 -0.775849581 -0.71957127 -0.1489809 -0.255732201 -0.464176806 -0.313491629 0.001133277 -0.671485677 -1.083685078 -1.336611138 -1.111356765 -0.980778157 0.329499059 -0.231786899 -0.658685984 -0.901598995 -0.208598065 -0.524390312 -0.957416659 -0.586088458
-0.809246624 0.677144564 1.492176311 0.878109941 0.673654319 -0.807065312 1.267362956 0.311394285 0.812437759 -0.129505437 -0.057989771 0.769949718 -0.141588762 1.326376588 0.751905449 -0.147308333 0.919911396 -0.109496039 0.006981953 -0.129659045 0.639755242 0.956035598 1.003620059 1.334280431 0.893027169 -0.716123048 1.01694125 -0.062430873 0.34375121 -0.546124126 0.454960103 1.605912513 2.151499686
0.262482576 -0.656536877 -1.160470603 -0.540416238 -0.72429578 2.437256857 1.707347275 1.247372572 1.100992334 1.695005302 1.813354296 0.178096825 -0.406905287 -0.090510125 -0.225608239 1.121835609 0.820156402 0.424431997 1.107817758 -0.183636828 2.387392727 -0.7680701 -1.23937618 -0.70548506 -0.805662532 1.474704223 0.517933291 0.039424607 0.976310044 0.047921741 1.325285841 -1.059949825 -0.586088458
0.494207809 -0.549337896 0.207372545 -0.21378192 -0.553834779 0.644550719 3.359777069 2.273565633 1.498490983 2.04545588 2.510306485 2.220215204 2.236784375 2.681500399 1.420379871 1.861110283 1.613124063 1.973300022 2.731912688 0.286592708 1.044870739 -0.268738942 0.240572845 0.123603294 -0.299394402 0.293287038 0.92209349 1.041957194 1.488067712 0.073573722 0.520468492 -1.162482992 -0.586088458
-0.577521391 -0.590325741 2.597061417 -0.517085215 -0.634817912 0.279663629 0.423230146 0.264877292 -0.082964752 0.585847288 0.515486636 -1.168578268 0.008125563 -1.077801544 -0.984462069 -0.485501408 -0.325053468 -0.573822742 -0.892878895 -1.106760726 -0.330983537 -0.589064591 3.190582593 -0.48000078 -0.624755145 2.008831533 1.158910826 0.768435175 0.504087303 0.390848219 1.38611506 -0.188417907 -0.03857083
-0.229933543 0.916765816 1.097739248 0.845446509 0.903012144 -0.220073037 -0.673744332 -0.062151266 0.192045424 -0.414923949 -0.963478836 -0.66579375 -0.456178356 -0.764869509 -0.373880447 -0.586524463 -0.876242077 -0.941851709 -1.261332984 -0.808533473 -1.083267631 0.786451431 1.479906549 0.768835235 0.753343499 0.374764085 -0.423294796 -0.327369564 -0.192166691 -0.096539413 -0.504737795 -0.547283991 -0.403582582
-1.012006202 -0.035413369 -0.03943895 -0.01780133 -0.060290719 -1.014099074 -0.305431667 -0.836447761 -0.345608304 0.647266462 -1.111649774 0.744778221 0.680892466 0.863383578 0.429954839 -0.026548986 1.605233838 0.259963093 1.147650632 0.712186769 0.940258636 -0.141550816 -0.484569216 -0.077598064 -0.181855704 -1.381518934 -0.470416613 -1.17998004 -0.563355729 -0.209948169 -0.745715083 0.580580844 -0.403582582
0.436276501 -0.565102452 -0.67376756 -0.689734783 -0.596025292 -1.933455894 -1.721743179 -1.610039454 -1.717714751 -1.379566261 -1.14046079 -1.20762636 -0.520991393 -1.246620142 -1.001954858 -1.32814073 -1.252436757 -1.326089206 -1.80650019 -1.087764699 -1.363771652 -0.725674058 0.245516995 -0.840775628 -0.703795661 -1.607844065 -1.110790022 -1.201724469 -2.037569234 -0.728388199 -1.05220076 -0.444750824 -0.586088458
-0.287864851 -0.066942481 -0.053278847 -0.148455057 -0.115506492 -0.437418826 -1.049025074 -0.926098694 -0.634162879 -0.223440644 -0.952503211 -0.59286095 -1.014669642 -0.658728819 -0.517987706 -0.770506847 -1.08589664 -0.97474549 -0.955344085 -0.951782206 -1.245826634 0.138734126 -0.140126737 0.012595648 0.058332069 0.53771818 -0.65165437 -0.269575163 0.438195758 -0.008782637 -0.705474216 2.887577098 0.508946799
0.465242155 1.049188087 2.034238941 0.976100236 1.273948872 -0.641279656 -0.564245972 -0.276411356 -0.010237222 -0.577504114 -0.823539617 1.832961403 0.650570578 1.596760846 2.694854471 -0.751105069 -0.932600831 -0.929456951 -1.063073904 -0.720300558 -0.874556229 2.708405324 2.79834666 2.562302512 3.458437005 -0.172942733 -0.605136679 -0.525358306 -0.275629315 -0.478618914 -0.402263958 0.06791501 -0.221076706
-1.214765781 1.37078503 -0.302396992 1.517379962 1.477822494 -0.695219487 1.064293271 0.890742291 0.647549431 -0.750922956 -0.11012399 1.816825828 0.148364298 2.108249172 1.801472767 -0.371097816 1.029810965 1.066099083 0.083026531 -0.142115456 0.312586018 1.695610993 -0.329652503 1.934415516 1.673211568 -0.756861571 0.652049232 0.827946242 0.124112726 -0.525872562 -0.102797037 -0.188417907 1.421476181
0.349379539 0.166372949 0.50262368 0.019528307 0.08440292 -1.128324598 -1.440830114 -1.400008181 -1.159155538 -1.412082294 -1.04853993 -0.589956547 0.301868859 -0.68343398 -0.509866054 -0.452384578 -1.106749379 -1.177828832 -1.200316263 -0.666322775 -0.642768629 -0.016718027 0.743228137 -0.174729754 -0.13926922 -0.562221958 -1.111394148 -1.304724392 -1.424338587 -0.970056859 -0.528601566 -0.701083741 -0.586088458
0.233516922 0.554181027 0.991633372 0.532810805 0.478275432 -0.061426476 0.052926602 0.504510287 0.289506204 -0.096989404 -0.074453209 0.103550469 -0.516822134 0.028440649 -0.013404053 0.199247577 -0.385357334 -0.049905856 -0.402210304 -0.649714226 -0.286369552 0.642775956 0.942642204 0.682110512 0.548928372 1.551654768 0.118001973 0.797618487 0.192200656 0.047921741 0.300547472 -0.701083741 -0.586088458
-0.867177932 0.727591144 -0.747580344 0.686795555 0.631180648 -0.077291132 -0.148152204 0.18734897 0.515049881 -0.122279652 -0.564240476 -0.544776937 -0.425856468 -0.504092814 -0.368466013 -0.602246594 -0.415791061 -0.584310614 -0.7208733 0.212892273 -0.685331396 0.550917866 -0.05113203 0.605792755 0.438203512 -0.127677706 0.209829104 0.163024515 0.308609052 1.12260472 -0.213693382 0.580580844 2.151499686
-1.127868818 -0.366469045 -0.814473179 -0.279108784 -0.464356912 0.303460614 0.747743467 0.542569645 0.109306816 -0.190924611 0.562133043 -1.022067247 -0.675443513 -0.821142375 -0.878880595 -0.747090908 0.196265001 -0.105205546 -0.554299461 -0.698501838 0.039261258 -0.574932577 -0.838899996 -0.459186846 -0.631568983 -0.335896827 0.64057084 0.381041019 -0.115293222 -0.61092913 0.726352 -0.957416659 -0.586088458
-1.330628397 -1.778973266 -0.959792097 -1.856285916 -1.523367114 -0.245456487 -1.662414977 -1.824863386 -1.52102653 -1.119437997 0.017467651 0.132271792 1.57538818 -0.055282396 -0.441144385 -0.401538537 -1.199177735 -1.344681343 -0.15053896 -0.504389425 -0.639178998 -1.797351781 -1.11906852 -1.909224219 -1.444800494 -1.367939426 -1.720715488 -2.144745988 -2.34682022 -1.680211691 -1.011959893 3.65657585 2.699017315
0.320413885 0.670838742 -0.784486736 0.686795555 0.7019701 0.969776169 0.429202784 0.893561503 0.570994136 -0.494407585 0.38103523 1.636107387 -0.213603248 1.362519323 1.305843755 -0.247662361 0.039587667 0.736684554 0.394447187 -0.183636828 0.401301184 1.163305136 -0.64937423 1.074106261 1.109366511 0.252548514 0.284136584 1.007623886 0.429410219 -0.343608489 0.398342138 -0.444750824 -0.586088458
-0.374761813 0.847401769 0.359611412 0.929438191 0.786917442 0.414513206 0.819415121 1.014787606 1.212880843 1.156684312 1.639116248 1.510249902 0.88935545 1.62192351 1.260029309 0.390589258 0.901313007 1.695371411 0.761995984 0.700768391 0.986411034 0.633354614 -0.123646236 0.647420623 0.50123151 -0.417373874 -0.153854663 0.32725217 0.304216283 0.096525494 0.183100289 1.093246679 1.421476181
0.668001733 0.257807374 -0.791406684 0.182845465 0.163970265 -0.421554169 -0.616008833 -0.610487943 -0.215169858 -0.440214197 -0.837259148 -0.645140214 -1.370951833 -0.783169628 -0.445517582 -0.660786443 -0.830591487 -0.803125764 -0.673798085 -0.815799713 -0.796609957 0.199972853 -0.853732447 0.026471604 0.141801579 -0.023568146 -0.533245702 -0.290175148 -0.018652289 -0.554224751 -0.4116223 -0.444750824 -0.586088458
0.552139117 0.869472148 -0.609181374 0.761454827 0.863370051 -1.790673989 -1.134831971 -0.575247797 -0.28112519 -0.003054198 -1.616528525 -0.037151746 -1.11321578 -0.178808199 0.094884638 -0.75612277 -0.990086759 -0.690142778 -0.485497224 0.137115769 -1.238647372 0.487323803 -1.178398325 0.349087575 0.434796594 -1.743639144 -1.273904004 -1.003735727 -0.789583368 -0.22614942 -1.471454449 -0.188417907 -0.403582582
0.552139117 0.92622455 -0.182451219 0.985432645 0.83505427 1.12842273 0.893077654 1.412296457 1.872434156 2.312809929 0.542925699 -0.10911641 -0.475129537 -0.11292777 -0.025690655 -0.438669528 -0.39550191 -0.430329582 -0.264605828 0.733985489 -0.338162799 1.014918989 0.276829948 1.074106261 0.913468681 0.691619269 0.511287907 0.56300755 1.977861531 3.153161502 0.543864345 -1.265016159 -0.221076706
0.899726966 -0.357010312 -0.366983178 -0.36776667 -0.44000534 1.120490402 -0.21385122 -0.119945106 -0.056759286 0.069203653 0.003748119 -0.537354572 -0.079049867 -0.452394978 -0.539020702 -0.033239254 -0.591630372 -0.402679737 -0.222962369 -0.544872762 -0.62328206 -0.402993074 0.032918527 -0.358586167 -0.478257638 0.682566264 -0.422086544 -0.436663927 -0.442554563 -0.161344416 -0.410686465 -0.188417907 -0.221076706
-0.374761813 -0.107930326 -0.300090343 -0.139122648 -0.142972799 0.723874 -0.737452468 -0.07765693 0.369005933 -0.729245601 -0.278874225 0.684431171 1.620871013 0.83135837 0.351445538 -0.114191504 -0.752816407 0.195128974 0.414363624 -0.240728714 -0.139194682 -0.000230677 0.489428416 0.10625835 -0.067723926 0.044329394 -0.962175061 -0.251836287 0.093363338 -0.809394454 -0.691904621 -0.701083741 -0.586088458
-1.06993751 0.43121749 -0.200904415 0.378826056 0.34802284 -0.921290836 -0.048608241 -0.709160353 -0.762834663 0.087268116 -0.262410788 0.12323587 0.485695308 0.050400792 0.373936266 0.251431672 0.430717416 -0.085183244 0.544725759 0.111164912 0.22592207 0.83591348 0.690490533 0.727207368 0.802743821 0.266128022 0.713670069 0.156730075 0.578764388 0.616315628 0.370735031 -0.444750824 -0.586088458
-0.664418353 1.925697402 0.454184041 1.881343916 2.202706483 0.327257598 -0.285522874 1.050027752 1.595657319 -0.476343122 -1.054027743 1.306941656 -0.661798663 1.007954518 1.95349343 -0.168717192 -0.654752176 -0.243454769 -0.387725622 -0.604040717 -0.454569404 2.279734235 0.090600282 2.159899796 2.562417367 0.343078567 -0.5845964 0.262591107 0.668816166 -0.849897581 -0.626864149 0.324247927 0.143935047
-0.403727467 0.71813241 -0.143238177 0.705460373 0.636843804 -0.381099296 -0.174033635 0.422753148 0.691715948 0.553331255 -0.767289539 0.059984416 1.914614309 0.418233183 -0.054845302 -0.682529816 0.13257961 0.120283705 0.526619907 1.759563372 -0.367392652 0.414308398 0.738283987 0.605792755 0.235491845 -1.001292713 -0.11337823 0.213952255 1.03341605 1.110453781 -0.542639077 -0.701083741 1.786487934
0.320413885 -0.520961695 -0.710673952 -0.358434261 -0.596025292 1.707482677 1.866617617 1.9042489 1.100992334 1.611908773 1.822957968 -0.269826738 0.095300993 -0.357691862 -0.397204166 0.847200086 1.930987433 2.793737656 1.39026905 3.614530657 1.70536284 -0.855217519 -0.990520609 -0.719361016 -0.828659234 0.501506159 0.845973632 1.437362455 0.769849869 1.38047463 0.665522781 -0.547283991 -0.586088458
-1.243731435 2.625643691 -1.116644262 2.772588982 2.947411518 0.961843841 1.864626737 2.544209957 3.07670784 0.098106794 -0.210276569 1.261116623 -0.801279351 1.355656779 1.724421198 -0.142959658 0.625718703 0.08262271 -0.012934485 0.284516639 -0.317650622 2.859146806 -1.087755567 3.093057818 3.121152046 0.410976106 1.384249771 1.196457078 2.133804855 0.631166775 -0.122917471 0.836913761 -0.586088458
-1.214765781 -0.732206746 0.793261516 -0.783058873 -0.714951572 -0.029697164 -0.894931019 -0.462479328 -0.626507349 -1.018277005 0.260303354 0.159379558 0.440212475 -0.038812288 -0.144183473 1.245605577 -0.39550191 0.390584773 0.417984794 0.061339266 0.442325538 -0.584353919 0.500964767 -0.656919215 -0.599203254 0.999421448 -0.779124926 -0.189464111 -0.567748499 -0.767541222 0.16859486 -0.137151324 -0.586088458
0.407310847 0.957753662 -0.120171682 0.88744235 0.917170034 -0.894320921 -0.588136523 -0.822069782 -0.263753027 -1.123050889 -0.984058133 -0.083622202 -0.676391072 -0.018682158 0.044696995 -0.19681632 -0.691385366 -0.818857572 -0.098031989 -0.639333883 -1.076088369 0.78174076 -0.627949578 0.730676357 0.644322098 -0.507903927 -0.767042409 -0.948802435 -0.042812522 -0.828295913 -1.096184964 -0.957416659 -0.586088458
0.117654306 0.882083793 1.04468631 0.882776145 0.750106927 -0.295430154 0.482956524 0.109820648 1.168714326 -0.194537503 -0.348843835 1.200769572 1.171728038 1.312651499 0.693596154 0.549483136 0.86862493 0.863492462 1.848347107 1.711813794 0.144386166 0.753476732 0.598199725 0.68904849 0.458645025 -0.729702556 -0.138751517 -0.376008417 0.807188411 0.065473097 -0.676463358 -0.188417907 -0.221076706
-1.301662743 1.452760721 -0.092491889 1.512713757 1.452338291 0.279663629 1.050357116 1.247372572 1.863600853 -0.378795023 -0.184209459 1.303714541 -1.087442175 1.510750287 1.24753446 -0.942781262 -0.175702772 -0.246315098 -0.079926137 -0.56355738 -0.106888003 1.570778204 -0.721888436 1.903194615 1.405768444 -0.657278514 0.144583511 0.226541134 1.422176167 -0.650082153 -0.235685484 0.06791501 -0.403582582
0.204551268 1.020811886 -1.142017407 0.934104395 1.036096314 -0.659524011 -0.697634883 -0.050874419 0.076623594 -1.292856839 -1.09244243 0.031263093 -1.167795179 -0.063974952 0.140074342 -0.19581278 -0.697584829 -0.672980805 -0.512656002 -0.814761679 -1.176085232 1.031406339 -1.155325623 0.924939737 0.927096356 0.55582419 -0.356840951 -0.115075278 0.719333018 -0.720287573 -0.946451504 0.580580844 -0.586088458
-1.156834472 -1.993371229 -0.800633282 -1.935611393 -1.720161791 1.49330982 1.44853297 0.177481729 -0.68127383 0.965201006 2.299025703 -1.267005276 -0.467549065 -1.161982091 -1.172509547 0.203596252 0.798176488 0.23612702 -0.318923385 -0.335189835 0.220794025 -1.825615809 0.435042761 -1.678189556 -1.522307896 3.371308824 3.463650975 2.312861802 1.624243572 1.257615144 2.317270017 -0.444750824 -0.586088458
0.291448231 -0.883546484 0.228132391 -0.971106916 -0.861910474 -1.265553873 -1.518673494 -1.020683246 -1.003983844 -1.090534856 -1.177503524 -0.607705679 0.669521758 -0.615266037 -0.776422833 0.50699993 -0.783813721 -0.335462011 0.110185309 -0.333113766 -0.581232097 -1.225005217 0.252109196 -1.316027112 -1.096272703 -0.575801466 -1.247322466 -0.964252423 -0.934544767 -1.006509673 -1.048925341 0.06791501 -0.586088458
-0.983040548 0.677144564 0.209679195 0.658798328 0.580212242 -0.140749757 -0.2158421 0.412885907 0.450272324 0.217332248 -0.53542946 0.021581747 2.960719465 0.514308808 -0.004032916 1.486455245 0.543434923 1.609561548 3.486926719 0.733985489 1.146406015 -0.040271383 0.042806828 0.064630482 -0.151193435 -0.851918126 -0.744085626 -0.303908471 0.088970568 -0.872849353 -0.69050087 0.580580844 1.786487934
0.320413885 1.326644273 -0.004839208 1.38206003 1.239969935 1.104625746 1.315144059 1.757649891 2.043211353 0.84236266 0.455120699 0.0651478 -0.668621088 -0.046132336 0.222748593 -0.528988153 0.334343947 0.29810081 -0.41126323 -0.016513306 0.012082624 1.233965205 -0.237361696 1.105327161 1.157063373 0.284234033 1.251342083 1.5409346 1.400212318 0.81748116 0.464318444 0.22171476 2.334005562
0.291448231 0.185290416 -0.378516425 0.140849624 0.064015558 0.065490772 -0.243714409 -0.510405927 0.042173711 0.228170926 -0.281618131 -0.485075309 -0.758828707 -0.548013099 -0.426567061 0.145390916 -0.203318561 -0.754976897 -0.063630871 -0.671512946 -0.342778039 0.020967344 -0.786162392 -0.070660086 -0.089868898 0.19370398 0.053964632 -0.606041579 0.41623191 -0.219398899 -0.268907595 0.06791501 -0.03857083
0.117654306 -0.71644219 1.732067858 -0.843252912 -0.706739995 -1.552704148 -1.923021074 -1.542801254 -1.749514643 -0.277634032 -1.344881806 -0.438604853 0.669521758 -0.556248153 -0.518820696 0.011585545 -0.961343795 -0.764511326 -1.098018199 1.131552624 -1.156085859 -0.878770876 1.109095268 -1.041976986 -0.801233537 -1.318147897 -1.606414876 -1.609718609 -2.475308733 0.014169135 -1.36289769 0.580580844 1.786487934
0.059722998 -0.599784475 -0.281637147 -0.554414851 -0.470020068 0.731806328 0.287850356 -0.057922448 -0.05882039 0.564169933 0.809084606 2.471930175 -0.11505711 2.363078329 2.211720309 0.4688654 0.426208715 0.190838481 1.12954478 -0.044540232 0.928464134 0.513232495 -0.416999161 0.588447811 0.589811398 0.352131572 0.215266236 -0.085319745 0.767653484 -0.296354841 0.65616444 -1.265016159 -0.586088458
0.233516922 -0.035413369 -0.200904415 -0.097126807 -0.086341238 -0.188343725 -0.602072678 -0.628812819 -0.089442508 -0.649761965 -0.620490554 0.97035356 0.05929375 0.969524268 0.726915751 -0.397189863 -0.570214046 -0.336415454 -0.038282678 -0.543834728 -0.493542541 0.357780342 -0.573563924 0.321335663 0.266154114 -0.589380974 -0.781541429 -0.623780455 -0.517231648 -0.828295913 -0.717172142 -0.701083741 -0.403582582
-1.330628397 0.87577797 -0.636861168 0.88744235 0.795412177 0.834926592 0.124598256 0.803346728 1.151047719 -0.740084279 -0.303569381 -0.551553878 -0.516822134 -0.572260757 -0.370756735 0.766247836 -0.23544305 0.692826179 0.714920768 0.404928617 0.000288122 0.244724231 -0.842196096 0.20339004 0.131580823 1.022053961 -0.425107173 0.542407566 0.853312493 -0.257201818 -0.469176098 0.836913761 4.341570202
0.00179169 0.446982046 -0.076345342 0.416155692 0.398991245 -0.077291132 -0.074489671 0.043569173 0.018618236 0.05113919 -0.195185084 0.694112516 1.245637641 0.10713116 0.699843578 0.427385735 0.538362635 0.585563851 0.577316293 0.334342285 0.26181838 0.393110377 0.123561285 0.179107117 0.342809787 -0.222734261 -0.110357601 -0.256414062 -0.168006458 -0.290954424 -0.35734392 -0.957416659 -0.586088458
-1.098903164 -1.079026978 -0.618407972 -1.104093745 -1.046529365 0.255866645 -0.584154765 -0.616126366 -0.653007259 -0.938793369 0.370059605 -1.236670395 -0.607219264 -1.21550994 -1.07130127 -0.495871324 -0.756197932 -0.90943465 -1.011110109 -0.869777497 -0.594052208 -0.93058826 0.102136633 -0.910155407 -0.907018365 0.786675824 -0.046924386 -0.16657524 0.093363338 -0.058736494 0.688918635 0.324247927 0.143935047
-0.983040548 -0.041719191 0.719448732 -0.11112542 -0.114090703 -1.543978587 -0.631935867 -0.50617711 -0.867067642 -1.668597665 -1.189851102 -0.303388734 0.768067896 -0.446447439 -0.248098967 0.439093705 0.662351892 0.404886417 0.410742454 -0.484666773 -0.136117855 -0.143906152 0.870127998 -0.254516499 -0.200593758 -0.014515141 0.287761339 0.386763237 -0.099918528 -0.975457276 -0.530473234 3.143910016 -0.586088458
-0.693384007 0.197902061 -1.257349881 0.126851011 0.059201876 -1.05534718 -0.387057717 -0.666872177 -0.714545939 -0.754535849 -0.678112585 -0.985600847 -1.294578576 -1.069566491 -0.718946528 -0.896283896 -0.886386653 -0.532824696 -0.977433224 -0.795039028 -0.804302023 -0.143906152 -1.344851389 -0.237171554 -0.186966083 -0.797600095 -0.59184591 -0.040114223 -0.547981035 -0.513721624 -0.398988539 -0.08588474 -0.586088458
-0.896143586 0.109620547 1.321484249 0.117518602 0.03541662 -0.222452736 -0.223805617 0.190168182 -0.114175757 -0.779826097 -0.49152696 -0.69161067 -0.372793163 -0.634023659 -0.548600086 -0.69657938 -0.629954325 -0.188631801 -0.733547397 -0.855245017 -0.742765492 0.126957448 1.377727441 0.182576106 0.060035528 -0.172942733 0.07027603 1.166701545 0.40744637 -0.338208072 -0.001259035 -0.701083741 0.691452676
-0.374761813 1.165845801 -0.410809518 1.088089145 1.174843639 -0.470734603 -0.500537835 0.012557844 0.844826538 -1.354276013 -0.842746961 0.194555112 0.16542036 0.129548806 0.241490867 -0.44469077 -0.596139072 -0.432713189 -0.088979063 -1.07115615 -0.922759845 1.104421744 0.311439001 0.973505582 1.05655927 -0.322317319 -0.329051162 0.022257953 1.088325671 -1.28868146 -0.77332219 -0.034618157 -0.586088458
-1.098903164 0.689756209 0.622569453 0.602803873 0.62834907 0.03376146 -0.87462405 0.12955513 0.112545694 -0.960470724 -1.211802352 -0.440863833 0.191952012 -0.614351031 -0.293913414 1.707234107 -0.678422852 0.388201166 -0.029229752 -0.435879162 -1.126856007 0.105759427 0.128505435 -0.011687274 0.032780178 0.401923101 -1.087833239 -0.219219645 -0.699531589 -1.254928854 -1.397523553 -0.444750824 0.691452676
-0.432693121 0.062326879 0.237358989 0.196844079 0.032301884 -0.784061561 1.149901079 0.807575546 0.39432807 -0.84124527 1.501920936 1.048449744 0.362512636 0.705545051 0.720668327 -0.010157828 2.193619224 1.191000105 1.440965436 -0.402662064 3.741196413 0.136378791 -0.215937044 0.120134305 0.060035528 -1.051084242 0.688296783 0.460579849 0.464552376 -1.24412802 1.479698473 -0.957416659 -0.586088458
-1.127868818 -0.363316134 -0.643781117 -0.232446738 -0.434059026 -0.013832508 0.928913481 0.948536131 0.151117785 0.802620842 0.416706011 -0.933644296 -0.54581744 -0.543895573 -0.774132111 0.803044313 1.317240608 1.900361639 1.267149256 0.73917566 1.205378524 -0.848151512 -1.175102224 -0.625698315 -0.787094825 -0.281578796 0.493164131 0.879446203 -0.020848674 0.128927996 0.027283906 -0.957416659 -0.586088458
-0.954074894 0.642462541 -0.802939932 0.621468691 0.560391196 0.485904158 0.042972205 0.976728248 0.959659481 -0.382407916 -0.218508287 -0.122993005 0.254490908 -0.287236404 -0.053179323 -0.504568673 -0.168939721 0.077855495 -0.614048773 -0.356988555 -0.406878592 0.699304012 0.034566577 0.477440165 0.576183723 0.338552064 0.047923374 0.901762853 0.605121006 0.058722575 -0.032141561 2.118578347 1.056464428
-0.316830505 -0.224588041 -0.484622302 -0.358434261 -0.315699062 -2.205534746 -1.423907641 -1.688977381 -1.87671421 -0.299311387 -1.302351259 -1.151151847 -1.337597756 -1.136361925 -0.985919802 -1.381328365 -0.950635632 -1.272696403 -1.784229992 -0.103708187 -1.181726081 -0.42654643 -0.596636626 -0.44531089 -0.541285635 -1.947331762 -0.438397942 -1.077552339 -2.000450331 1.963719664 -0.680674611 -0.188417907 -0.586088458
-1.012006202 0.191596238 -0.40158292 0.168846852 0.107338703 -0.212140709 -0.273577598 -0.554103709 -0.270525226 0.676169602 -0.270642506 0.48660902 0.027076743 0.500583719 0.404965141 0.401628201 -0.243896863 -0.169562943 0.240547444 0.867891913 -0.004327118 0.126957448 -0.679039133 0.113196327 0.041297475 -0.589380974 -0.796644576 -1.039213478 -0.649014738 0.038471012 -0.679738777 0.324247927 -0.221076706
-0.258899197 0.342935976 -1.102804365 0.304166783 0.280064966 -0.124885101 -0.217832979 -0.10162023 0.147878907 -0.349891883 0.579968433 0.607625833 -0.43343694 0.270917225 0.530538374 0.393934392 0.04578713 0.163188636 0.104753554 -0.460791985 0.641293655 0.414308398 -1.203119077 0.217265995 0.337699408 -0.123151204 -0.336300672 -0.473286122 -0.266843776 -0.961956233 0.171870279 0.06791501 -0.586088458
-1.040971856 1.00504733 -0.244730755 1.074090531 0.993622642 0.454174846 0.433184542 0.88087505 0.744715767 -0.292085602 -0.071709303 -0.043928687 -0.109371756 -0.024172193 0.099882578 -0.043609171 -0.192610398 -0.014628468 -0.065441456 -0.979809132 -0.142271508 0.675750655 0.095544433 0.800056136 0.61025291 0.112226933 -0.029404736 0.468590954 0.721529403 -1.00245936 -0.036820731 1.349579596 3.064029068
-0.374761813 -1.129473558 0.504930329 -1.04763267 -1.056723046 1.064964105 0.506847075 -0.290507414 -0.565852 1.250619518 1.320823123 -0.416015048 0.481905072 -0.587815858 -0.650641353 0.964614299 0.407610327 -0.293987244 0.182608718 0.387282034 1.533573357 -1.173187833 0.454819363 -1.184205532 -1.045509613 1.6059728 0.193517705 -0.560263835 -0.578730423 0.578512709 1.287852476 -0.957416659 -0.586088458
-1.156834472 2.155859921 -0.821393128 2.09132312 2.763358943 -1.062486275 -0.578182127 0.231046752 0.597494046 -1.220598988 -1.508144228 3.633691578 -0.796352044 3.340304683 5.116772706 -0.5550802 -1.04475475 -0.829345444 -0.012934485 -0.462868053 -0.898658037 3.330213937 -1.12401267 3.193658497 4.260766376 -1.290988881 -1.131934427 -0.825774749 0.023079023 -1.196874372 -1.318913486 0.06791501 0.143935047
-0.172002234 -0.61239612 0.380371257 -0.51241901 -0.673327374 1.231542994 0.883123257 0.658157325 -0.047337096 -0.440214197 1.109542341 -0.874265379 1.302491182 -0.604743468 -0.78662696 0.917113392 1.018539214 0.91831543 0.95210743 0.045768751 1.023332953 -0.914100911 1.01350836 -0.778333828 -0.838709644 1.325329637 0.798247689 0.887457309 0.831348645 -0.282853798 0.745068682 -0.188417907 -0.403582582
-0.258899197 -0.741665479 -0.745273694 -0.817588787 -0.75657577 -0.842760788 -1.128262069 -1.148111615 -1.279582907 -1.328985765 -0.492898913 -0.703550995 -0.14348388 -0.745196881 -0.662303212 -0.616965184 -0.846935525 -0.536638468 -1.037182536 -0.943477932 -1.172495601 -0.803400135 -0.349429105 -0.913624396 -0.740590383 -0.87455064 -0.93317702 -0.85495806 -1.459480744 -1.269780001 -0.993711127 -0.188417907 0.873958552
-0.200967888 0.286183575 -0.396969621 0.28083576 0.234759717 0.31932527 -0.355203649 0.008329027 0.22678975 -0.248730891 -0.457228132 -0.19076242 -0.6655889 -0.476185132 -0.061092727 -0.20752075 -0.707729404 -0.562381427 -0.84942485 -0.520997974 -0.656101544 0.204683525 -0.655966431 0.07156846 0.155429254 0.238969006 -0.670382272 -0.343963996 -0.602890656 -0.20049744 -0.568374516 -0.854883492 -0.403582582
-0.172002234 0.784343545 -0.470782405 0.7334576 0.693475366 0.0734231 -0.231769134 -0.214388698 0.220900881 -0.45827866 -0.118355709 -0.310165676 -0.75807066 -0.276713835 -0.220610299 -0.571136845 -0.467641115 -0.496117143 -0.610427603 -1.04209119 -0.314573796 0.645131292 -0.815827294 0.706393434 0.41605854 -0.100518691 -0.203392983 -0.100197511 -0.376663018 -0.909302168 0.027283906 2.631244181 0.143935047
-0.229933543 2.278823458 -0.161691373 2.366629187 2.468874823 0.017896804 1.352970765 1.052846964 1.77526782 0.224558033 0.637590465 1.250467143 -0.707471008 1.276966267 1.449534519 -0.604588188 0.044659954 -0.248698705 0.148207599 -0.188826999 0.387455464 2.103084061 -0.535658771 2.274376431 2.112704089 -0.440006387 0.327633646 0.170463398 1.516620715 -0.088438787 0.277619535 -0.957416659 -0.403582582
-1.330628397 0.330324331 2.096518478 0.28083576 0.231928138 -0.308121878 -0.633926746 -0.406095094 -0.349730512 -0.266795354 -0.93466782 -0.745826202 1.723207387 -0.611606013 -0.55901246 -0.28077919 -0.371267646 -0.012721582 -0.029229752 -0.371521035 -0.278164681 -0.148616823 2.353373123 -0.126163909 -0.197186839 -0.679911027 -0.698172061 -0.411486168 -0.504053339 -0.506971103 -0.65213167 -0.444750824 -0.403582582
-0.490624429 -0.688065989 1.918906467 -0.531083829 -0.714102098 0.160678709 1.315144059 1.391152369 0.220311994 0.719524313 1.204207107 -1.109522064 -0.130218054 -0.867807679 -0.992167226 -0.726351075 0.964434811 1.557122187 0.168124036 0.078985849 1.096151181 -0.817532149 2.078148749 -0.396745045 -0.829170271 -0.100518691 2.58041897 4.200049286 1.255250919 1.169858368 2.345345041 -0.188417907 -0.586088458
-0.867177932 1.1090934 0.643329299 1.316733167 1.07007525 0.565227439 1.61178507 2.270746422 1.784101123 0.795395056 0.829663903 1.155912674 -0.469444183 2.058381348 1.010132329 -0.132924256 0.663479068 1.788808817 2.007678605 -0.004056895 1.132560296 0.777030088 -0.126942336 1.351625375 0.710757014 -0.145783717 0.326425394 1.281145904 1.663778499 -0.396262555 0.372138782 -0.701083741 -0.586088458
-0.548555737 1.310879717 0.020533936 1.270071122 1.443843557 0.652483047 -0.532391904 1.234686119 1.533824196 -0.732858494 -0.893509227 1.845869863 -0.033567034 1.56199062 1.841039788 1.172012623 -0.136251644 0.526927111 1.69987912 -0.982923235 0.120284358 1.050249024 -0.623005428 0.900656814 1.065076567 -0.132204209 -0.925927509 -0.144830811 0.947757041 -1.569503143 -0.91837648 -0.854883492 -0.586088458
-0.78028097 0.860013414 1.372230538 0.766121032 0.826559536 -0.394584254 -0.781251812 -0.173510128 0.326900521 -0.638923287 -1.016985008 0.521139151 2.253840437 0.431958273 0.598635301 -0.343667715 -0.40001061 -0.068021272 0.294865 -0.169104348 -0.772508149 0.635709949 1.329933986 0.515599043 0.560852588 -1.23667085 -1.041315548 -0.655252653 -0.343717245 -0.87824977 -1.142040836 -0.957416659 -0.586088458
-0.896143586 -0.252964242 1.333017496 -0.302439806 -0.314283273 -1.44561772 -0.803151484 -0.899316182 -0.994856097 -1.224211881 -0.859210398 -0.476362099 -0.376583399 -0.381482017 -0.452806244 -0.298842915 0.337161885 0.303821467 0.07578419 -0.771164239 -0.057658778 -0.473653144 0.649289279 -0.466124824 -0.47314726 -1.358886421 -0.333280043 -0.547674956 -0.804958062 -1.356186672 -0.58849495 0.324247927 -0.403582582
-0.606487045 -1.116861913 0.352691463 -1.175020054 -1.057006204 0.311392942 -1.183807601 -1.122033907 -0.899161978 -1.791436012 -1.084210711 0.03287665 1.850180295 0.034388188 -0.398870145 2.476614989 -0.726327793 -0.399819408 0.876062852 0.683121808 -1.066345085 -1.290954615 -0.029707378 -1.350717001 -1.143288182 0.125806441 -1.429768475 -1.535329776 -1.472659053 -1.407490634 -1.413432733 -0.701083741 -0.403582582
-0.577521391 0.22312535 0.892447444 0.182845465 0.00313663 -0.325573 0.57652785 0.865369386 0.30540615 0.484686297 -0.11012399 -0.060064262 0.212798311 -0.08822261 -0.459470163 0.335729056 0.921602158 2.887651784 1.509767674 0.72464318 0.057209413 0.209394196 0.860239697 0.172169139 -0.256807917 0.112226933 0.894907826 2.52572831 1.797757974 0.97004294 0.112444812 -0.239684491 -0.221076706
-0.519590083 1.427537432 1.923519766 1.489382735 1.466496182 -1.267933571 0.590464005 0.69057826 0.417883545 -0.479956015 -0.767289539 0.904197703 -0.23065931 1.21749088 0.947658084 0.289231689 1.566346298 0.891142307 1.853778863 0.869967981 0.323867715 1.000786976 0.641049028 1.087982217 0.935613653 -1.227617844 0.257555046 0.076619024 0.222950044 -0.59202767 -0.807012219 0.324247927 -0.586088458
-0.954074894 0.0402565 0.687155639 -0.036466148 -0.007057052 -0.792787122 -1.013189247 -0.645728089 -0.571151982 -1.823952045 -0.975826414 -0.468939734 0.083930284 -0.561280686 -0.37533818 -0.754784716 -1.026156361 -1.131110129 -1.421750834 -1.123784489 -1.270954051 0.178774832 1.641415463 0.085444416 0.13839466 -0.688964032 -0.709046326 -0.919619123 -0.905991764 -1.105067283 -0.89919188 3.65657585 1.056464428
-1.330628397 0.22312535 2.004252498 0.047525534 0.043345038 -1.310768143 -1.000248532 -1.32741348 -0.907700838 -1.177244278 -1.106161961 -0.582211471 -0.185176477 -0.946955693 -0.713948588 -0.690223625 -0.852007813 -0.976652376 -0.67560867 -0.674627049 -0.977629919 0.013901337 1.442001396 -0.421027968 -0.319835915 -1.109928776 -0.941030656 -1.130196744 -0.991650773 -0.77024143 -0.96937944 -0.08588474 0.143935047
-0.664418353 2.171624477 0.733288629 2.193979619 2.112095984 -0.716636773 1.707347275 1.605412459 1.474935507 1.36623208 0.046278666 -0.174304134 -1.077398049 -0.185670743 0.120499079 -0.925386564 -0.349287732 0.240894235 -0.599564092 0.295935016 -0.821224569 1.54015884 0.042806828 1.549357744 1.381920012 -0.870024137 0.174789804 1.00590722 0.61171016 1.026747318 -0.514564054 -0.854883492 -0.586088458
-0.983040548 -0.568255363 1.035459712 -0.696734089 -0.592061083 -1.897760418 -1.79660024 -1.670793466 -1.709175891 -1.260340806 -1.20631454 -0.886851128 -0.66141964 -0.918133006 -0.768925924 -0.765489146 -1.351515445 -1.429537763 -1.344982021 -0.402662064 -1.381719807 -0.666790667 0.570182873 -0.795678772 -0.63838282 -1.548999531 -1.613724799 -1.772229599 -2.11356415 -0.563675481 -1.263231356 -0.444750824 -0.221076706
-0.983040548 -0.511502961 -1.199683644 -0.587078283 -0.56657688 -0.483426328 -1.042056997 -1.178841023 -1.238360825 -0.140344115 -0.801588367 -1.284754409 -1.266909853 -1.420928775 -1.046519819 -0.684536897 -0.904985041 -1.048637316 -1.240330196 -0.606116786 -1.014039033 -0.852862184 -1.262448882 -0.986473163 -0.818268131 -0.240840272 -0.607553182 -0.834930297 -1.209092872 0.051972054 -0.62031331 -1.059949825 -0.586088458
-1.012006202 0.592015962 -0.327770137 0.472150146 0.447128073 -0.987129159 -0.456738491 -1.296261191 0.05571811 0.152300182 -1.176131571 2.397706529 1.137615913 2.23406249 2.032627473 -1.307066384 -1.225328196 -0.599088979 3.883444879 0.336418354 -0.076119737 -0.2263429 -1.277281333 -0.351648189 -0.319835915 -2.317147027 -1.441850992 -2.025666633 -1.468266284 -1.452044074 -1.606682481 -0.188417907 -0.586088458
-0.92510924 -0.549337896 0.509543628 -0.596410692 -0.560630566 -1.103734381 -1.101584287 -0.866613327 -1.294010635 0.239009603 -0.889393367 -0.3304965 1.042860011 -0.112470267 -0.368466013 -0.546048338 -0.463696002 -0.105682267 -0.40764206 -0.14315349 -1.080703609 -0.593775262 0.809150143 -0.559787525 -0.571947904 -1.164246808 -0.700588564 -0.487591667 -1.123433864 -0.349008906 -1.163565021 -0.444750824 0.143935047
-1.040971856 1.588335903 1.18077863 1.671364712 1.514633009 1.453648179 1.305189663 2.841636792 2.867652995 2.150229764 -0.584819773 1.545748167 4.224763196 1.329121606 1.116338545 0.660541593 0.061003993 1.601934004 1.551411133 1.153351344 -0.367905456 0.706370019 0.383953207 0.730676357 0.489307294 -0.494324419 -0.643800734 0.217957807 0.769849869 -0.558275064 -1.29130638 -0.957416659 -0.586088458
-0.867177932 0.182137505 0.382677906 0.243506124 0.073359766 1.025302465 0.622318073 0.55102728 1.033270342 0.188429107 0.04353476 0.612143794 2.503996018 0.63142957 0.412045556 0.163789154 0.017607753 -0.042755034 0.968402697 0.568938036 0.698214946 -0.221632229 0.337807803 -0.171260765 -0.301097862 -0.449059393 -0.628093461 -0.707324837 -0.06916914 -0.643331632 -0.583815779 -0.188417907 -0.586088458
-0.867177932 -1.189378871 0.553369969 -1.172686952 -1.132326181 0.216205005 -0.227787375 -0.566790161 -0.670673866 -0.498020478 1.075243513 -0.909118221 -0.238239782 -0.668793885 -0.926777516 0.153084725 -0.026915662 -0.413644331 0.126480576 -0.288478292 0.181820889 -1.333350657 0.293310449 -1.12523272 -1.174631835 0.519612169 -0.078943057 -0.544241625 -0.20973777 -0.652782361 0.405828811 -0.444750824 -0.586088458
-1.098903164 1.768051842 2.668567551 1.960669393 2.083780204 1.025302465 1.03841184 1.99587328 1.925433976 -0.469117337 0.090181166 3.920904814 2.718144356 4.1272098 3.821473358 0.556842431 0.148923648 0.902583622 1.297929205 1.197986819 -0.054581952 1.742717706 1.891919084 2.000326305 1.838447128 -0.032621151 -0.453501089 0.330113279 0.714940248 -0.605528713 -0.718575893 0.580580844 -0.586088458
-1.06993751 1.57887717 1.764360951 1.43338828 1.582590883 0.723874 0.542682902 2.132605048 2.137433255 0.614750429 0.725395465 2.772051871 0.840082381 2.598692361 3.402895916 -1.043804317 0.593030626 1.237242087 0.46506001 -0.542796694 0.850517861 1.949987244 1.354654739 1.885849671 2.19447014 -0.851918126 0.11256484 0.847974005 1.400212318 -0.666283404 0.146602758 -0.957416659 -0.403582582
-0.92510924 -1.536199103 2.001945849 -1.603844251 -1.354038745 -0.813411175 -1.591340587 -1.336293997 -1.396476954 0.231783818 0.383779136 -0.752603143 0.371988226 -0.783627131 -0.829734189 0.738148708 -1.168744008 -0.820287737 -0.414884401 -0.23242444 -0.075094129 -1.422853412 1.791388025 -1.505087008 -1.20461272 0.546771185 -1.382042532 -1.101013432 -1.154183251 0.093825286 0.153621514 0.06791501 0.691452676
-1.185800126 0.755967344 -0.424649415 0.719458987 0.752938505 -0.496118053 -0.695644004 0.050617202 0.007134941 -1.115825104 -0.745338289 0.701857592 -0.025986562 0.99605944 0.966400357 0.847869113 -0.172321246 0.927849859 1.287065693 -0.345570178 -0.614564385 0.381333699 -0.725184537 0.519068032 0.376878974 -0.299684806 -0.771875416 -0.245541847 0.121916341 -1.134769576 -1.051264926 -0.393484241 -0.221076706
-1.127868818 0.806413924 1.178471981 0.747456214 0.76143324 -0.953813381 -0.516464869 -0.293326626 -0.083553639 -1.188082955 -1.115765633 -0.239169145 0.546339085 -0.397494621 -0.086707167 -0.355375685 -0.588248847 0.088820089 -0.222962369 -1.048319395 -0.156117228 0.414308398 1.104151117 0.352556564 0.342809787 -0.661805016 -0.684277166 -0.145403033 -0.321753397 -1.319733858 -0.578200774 0.580580844 -0.586088458
-1.272697089 0.573098494 1.125419042 0.654132123 0.466949119 0.493836486 0.697971485 0.810394757 0.729993595 -0.017505768 0.15740687 -0.345341229 2.140133355 0.10713116 -0.189789672 -0.221904827 0.550197973 0.869689841 0.436090646 0.123621323 0.15412945 0.371912356 2.376445825 0.723738379 0.27807833 0.27970753 0.896720204 1.419623579 0.690780015 0.3530453 0.325814993 -1.059949825 -0.403582582
-1.272697089 -0.845711549 0.68254234 -0.723331455 -0.882297836 1.160152042 1.364916041 0.233865963 0.230911958 0.542492578 1.676158983 -0.850384728 -0.219288602 -0.947413196 -0.919905349 -0.615292617 0.800430838 0.511672024 0.148207599 0.496275635 0.791545352 -1.01773568 0.294958499 -0.989942152 -0.999856902 0.112226933 1.030836145 0.740968529 0.41623191 0.749975948 1.049214774 -0.598550575 3.246534944
-1.06993751 1.613559193 -0.08787859 1.498715144 1.777969771 -2.130177629 -1.01577739 -1.236071021 -0.68127383 -0.725632708 -1.388784306 2.484838635 1.967677614 2.598234858 2.542833808 -0.794257301 -0.255732201 -0.791207728 0.943054504 0.441259818 -0.042274645 0.866532843 -0.8850454 0.761897257 0.852144143 -2.806914611 -1.405603441 -1.890679511 -1.859662062 -1.568153039 -1.539302424 1.605912513 -0.221076706
-1.127868818 -0.618701942 2.048078838 -0.643072737 -0.647560014 -0.696805952 -0.725507193 -0.265134509 -0.642112852 -0.700342461 -0.232227819 -0.905245683 1.071286782 -1.046691342 -0.784752733 -0.206851723 -0.588812434 -0.600042422 -0.789675538 0.063415334 -0.428929183 -0.859928191 1.862254181 -0.955252263 -0.80532184 -0.756861571 -0.775500171 -0.792585884 -1.094880861 -0.416514119 -0.493039869 -0.701083741 -0.586088458
-1.012006202 -0.073248303 1.58905559 -0.223114329 -0.152317007 -1.051381016 -1.514890823 -1.275399024 -1.063755863 -0.490794693 -1.210430399 0.019645478 0.286707914 -0.197565821 -0.151472135 0.031321837 -0.888641003 -0.447014833 -0.984494506 0.698692323 -1.347361911 -0.054403397 1.067894014 -0.264923466 -0.181855704 -0.8066531 -1.252759599 -1.269818862 -1.828473397 0.188332583 -1.424662743 0.426781094 -0.586088458
-1.185800126 -0.22143513 1.344550744 -0.209115716 -0.236981192 -1.095802053 -0.588136523 -0.776821434 -1.087016895 -0.140344115 -0.328264538 0.003832615 -0.073364513 -0.007244583 -0.132938109 0.324690113 -0.282784403 -0.064684222 -0.18856125 -0.107860324 -0.204320844 -0.294647634 0.78113329 -0.393276056 -0.321539374 -0.494324419 -0.506060038 -0.517919422 -1.026792931 -0.253151505 -0.487424864 0.324247927 -0.586088458
