#
1066
26
1
-0.154896228 0 0 0 0 0 1 0 0 0 1 0 0 1 0 0 0 1 0 0 1 1 0 0 1 1 0
-0.154896228 0 0 1 0 0 0 0 1 0 0 0 0 0 1 0 0 1 0 0 1 1 0 0 1 0 0
-0.154896228 0 1 0 0 0 0 0 0 1 0 0 0 0 1 0 0 1 0 0 1 1 0 0 1 0 0
-0.154896228 0 0 0 0 0 1 0 1 0 0 0 0 1 0 0 0 1 0 1 0 1 0 0 1 1 0
-0.154896228 0 0 0 0 0 1 0 0 1 0 0 0 1 0 0 0 1 1 0 0 1 0 0 1 0 0
-0.154896228 0 1 0 0 0 0 0 0 0 1 0 0 0 1 0 0 1 0 1 0 1 0 0 1 0 0
-0.154896228 1 0 0 0 0 0 1 0 0 0 0 0 0 1 0 0 1 0 0 1 1 0 0 1 0 0
-0.154896228 0 1 0 0 0 0 0 0 0 1 0 0 0 1 0 0 1 0 0 1 1 0 0 1 0 0
-0.154896228 0 1 0 0 0 0 0 0 0 1 0 0 0 1 0 0 1 0 1 0 1 0 0 1 0 0
-0.154896228 1 0 0 0 0 0 1 0 0 0 0 0 0 1 0 0 1 0 0 1 1 0 0 1 0 0
-0.154896228 0 1 0 0 0 0 0 0 0 1 0 0 0 1 0 0 1 0 1 0 1 0 0 1 0 0
-0.154896228 1 0 0 0 0 0 1 0 0 0 0 0 0 1 0 0 1 0 0 1 1 0 0 1 0 0
-0.154896228 1 0 0 0 0 0 1 0 0 0 0 0 0 0 1 0 1 0 1 0 1 0 0 1 0 0
-0.154896228 0 1 0 0 0 0 0 0 1 0 0 0 0 1 0 0 0 0 1 0 1 0 0 1 0 0
-0.154896228 1 0 0 0 0 0 1 0 0 0 0 0 0 1 0 0 1 0 0 1 1 0 0 1 0 0
-0.154896228 1 0 0 0 0 0 1 0 0 0 0 0 0 1 0 0 1 0 1 0 1 0 0 1 0 0
-0.154896228 0 0 1 0 0 0 0 1 0 0 0 0 0 0 1 0 1 0 0 1 1 0 0 1 0 0
-0.154896228 0 0 0 0 0 1 0 0 1 0 0 0 1 0 0 0 1 0 0 1 1 0 0 1 0 0
-0.154896228 1 0 0 0 0 0 1 0 0 0 0 0 0 1 0 0 1 0 1 0 1 0 0 1 0 0
-0.154896228 1 0 0 0 0 0 1 0 0 0 0 0 0 1 0 0 1 0 1 0 1 0 0 0 0 0
-0.154896228 0 0 0 0 0 1 0 0 1 0 0 0 1 0 0 0 1 0 1 0 1 0 0 1 0 0
-0.154896228 1 0 0 0 0 0 1 0 0 0 0 0 0 1 0 0 1 0 0 1 1 0 0 1 0 0
-0.154896228 1 0 0 0 0 0 1 0 0 0 0 0 0 1 0 0 0 0 1 0 1 0 0 0 0 0
-0.154896228 0 1 0 0 0 0 0 1 0 0 0 0 0 1 0 0 1 0 0 1 1 0 0 1 0 0
-0.154896228 1 0 0 0 0 0 1 0 0 0 0 0 0 1 0 0 1 0 1 0 1 0 0 0 0 0
-0.154896228 1 0 0 0 0 0 1 0 0 0 0 0 0 1 0 0 1 0 0 1 1 0 0 1 0 0
-0.154896228 0 0 1 0 0 0 0 0 0 1 0 0 0 0 1 0 0 0 0 1 1 0 0 1 0 0
-0.154896228 1 0 0 0 0 0 1 0 0 0 0 0 0 1 0 0 1 0 0 1 1 0 0 1 0 0
-0.154896228 0 0 1 0 0 0 0 1 0 0 0 0 0 1 0 0 1 0 0 1 1 0 0 1 0 0
-0.154896228 1 0 0 0 0 0 1 0 0 0 0 0 0 1 0 0 1 0 0 1 1 0 0 1 0 0
-0.154896228 1 0 0 0 0 0 1 0 0 0 0 0 0 1 0 0 1 1 0 0 1 0 0 0 0 0
-0.154896228 1 0 0 0 0 0 1 0 0 0 0 0 0 1 0 0 1 1 0 0 1 0 0 1 0 0
-0.154896228 0 1 0 0 0 0 0 1 0 0 0 0 0 0 1 0 0 1 0 0 1 0 0 0 0 0
-0.154896228 1 0 0 0 0 0 1 0 0 0 0 0 0 1 0 0 1 0 0 1 1 0 0 1 0 0
-0.154896228 0 0 1 0 0 0 0 1 0 0 0 0 0 0 1 0 1 0 0 1 1 0 0 0 0 0
-0.154896228 1 0 0 0 0 0 1 0 0 0 0 0 0 1 0 0 1 0 1 0 1 0 0 1 0 0
-0.154896228 0 1 0 0 0 0 0 1 0 0 0 0 0 1 0 0 1 0 0 1 1 0 0 1 0 0
3.147491346 0 0 0 1 0 0 0 0 0 1 0 0 0 0 0 1 1 0 0 1 1 0 0 1 0 0
-0.154896228 0 0 0 0 0 1 0 0 0 1 0 0 1 0 0 0 1 0 1 0 1 0 0 1 1 0
-0.154896228 1 0 0 0 0 0 1 0 0 0 0 0 0 1 0 0 1 0 1 0 1 0 0 0 0 0
-0.154896228 1 0 0 0 0 0 1 0 0 0 0 0 0 1 0 0 1 0 0 1 1 0 0 1 0 0
-0.154896228 1 0 0 0 0 0 1 0 0 0 0 0 0 1 0 0 1 0 1 0 1 0 0 1 0 0
-0.154896228 0 0 1 0 0 0 0 0 0 0 0 1 0 0 1 0 0 0 0 1 1 0 0 0 0 0
-0.154896228 0 0 0 1 0 0 0 0 0 1 0 0 0 0 1 0 0 0 1 0 1 0 0 1 0 0
-0.154896228 0 0 1 0 0 0 0 0 0 1 0 0 0 0 1 0 1 0 0 1 1 0 0 0 0 0
-0.154896228 1 0 0 0 0 0 1 0 0 0 0 0 0 1 0 0 1 0 0 1 1 0 0 1 0 0
-0.154896228 0 0 0 0 0 1 0 1 0 0 0 0 1 0 0 0 1 0 1 0 1 0 0 1 0 0
-0.154896228 0 1 0 0 0 0 0 1 0 0 0 0 0 1 0 0 1 0 1 0 1 0 0 1 0 0
-0.154896228 0 0 1 0 0 0 0 0 0 1 0 0 0 1 0 0 0 0 0 1 0 0 1 0 0 0
-0.154896228 0 0 0 1 0 0 0 0 1 0 0 0 0 1 0 0 0 0 0 1 1 0 0 0 0 0
-0.154896228 0 1 0 0 0 0 0 1 0 0 0 0 0 1 0 0 1 0 0 1 1 0 0 1 0 0
-0.154896228 0 0 0 1 0 0 0 0 1 0 0 0 0 0 1 0 0 0 0 1 1 0 0 0 0 0
-0.154896228 0 1 0 0 0 0 0 1 0 0 0 0 0 1 0 0 1 0 0 1 1 0 0 1 0 0
-0.154896228 0 0 1 0 0 0 0 0 0 1 0 0 0 0 1 0 0 0 0 1 1 0 0 0 0 0
13.05465407 0 0 0 1 0 0 0 0 0 1 0 0 0 0 1 0 0 0 0 1 1 0 0 0 0 0
-0.154896228 0 0 0 0 0 1 0 0 1 0 0 0 1 0 0 0 1 0 0 1 1 0 0 1 1 0
-0.154896228 0 0 1 0 0 0 0 0 0 1 0 0 0 1 0 0 1 0 0 1 1 0 0 1 0 0
3.147491346 0 0 1 0 0 0 0 1 0 0 0 0 0 1 0 0 1 0 0 1 1 0 0 1 0 0
-0.154896228 0 0 1 0 0 0 0 0 1 0 0 0 0 1 0 0 1 0 0 1 1 0 0 0 0 0
-0.154896228 1 0 0 0 0 0 1 0 0 0 0 0 0 1 0 0 1 0 1 0 1 0 0 1 0 0
-0.154896228 0 0 1 0 0 0 0 0 0 1 0 0 0 0 1 0 0 0 1 0 1 0 0 0 0 0
-0.154896228 0 0 0 1 0 0 0 0 0 1 0 0 0 0 1 0 0 0 0 1 0 0 1 0 0 0
-0.154896228 0 0 0 0 0 1 0 0 1 0 0 0 1 0 0 0 1 1 0 0 1 0 0 1 1 0
-0.154896228 0 0 1 0 0 0 0 0 1 0 0 0 0 0 1 0 0 0 0 1 1 0 0 1 0 0
-0.154896228 0 0 1 0 0 0 0 0 1 0 0 0 0 1 0 0 0 0 0 1 0 1 0 1 0 0
-0.154896228 0 0 1 0 0 0 0 1 0 0 0 0 0 1 0 0 1 0 0 1 1 0 0 1 0 0
-0.154896228 0 0 1 0 0 0 0 0 1 0 0 0 0 1 0 0 1 0 0 1 1 0 0 0 0 0
-0.154896228 0 0 1 0 0 0 0 0 1 0 0 0 0 1 0 0 1 0 0 1 1 0 0 1 0 0
-0.154896228 0 0 1 0 0 0 0 0 1 0 0 0 0 1 0 0 1 0 1 0 1 0 0 0 0 0
-0.154896228 0 0 0 1 0 0 0 0 0 0 0 1 0 0 0 1 0 0 0 1 0 0 1 0 0 1
-0.154896228 0 0 0 0 0 1 0 1 0 0 0 0 1 0 0 0 1 0 0 1 1 0 0 1 1 0
-0.154896228 0 0 1 0 0 0 0 0 0 1 0 0 0 1 0 0 1 0 1 0 1 0 0 0 0 0
-0.154896228 0 1 0 0 0 0 0 0 1 0 0 0 0 0 1 0 1 0 0 1 1 0 0 1 0 0
-0.154896228 0 1 0 0 0 0 0 0 1 0 0 0 0 1 0 0 1 0 1 0 1 0 0 1 0 0
-0.154896228 1 0 0 0 0 0 1 0 0 0 0 0 0 1 0 0 1 0 0 1 1 0 0 1 0 0
-0.154896228 1 0 0 0 0 0 1 0 0 0 0 0 0 1 0 0 1 0 0 1 1 0 0 1 0 0
-0.154896228 0 0 1 0 0 0 0 0 1 0 0 0 0 1 0 0 1 0 1 0 1 0 0 0 0 0
-0.154896228 0 0 1 0 0 0 0 0 0 1 0 0 0 0 1 0 1 0 0 1 1 0 0 1 0 0
-0.154896228 0 0 1 0 0 0 0 0 1 0 0 0 0 1 0 0 1 0 1 0 1 0 0 0 0 0
-0.154896228 0 0 0 0 1 0 0 0 0 0 0 1 0 0 0 1 0 0 0 1 1 0 0 0 0 1
-0.154896228 0 0 1 0 0 0 0 0 0 1 0 0 0 0 1 0 1 0 0 1 1 0 0 0 0 0
-0.154896228 0 1 0 0 0 0 0 1 0 0 0 0 0 1 0 0 1 0 1 0 1 0 0 1 0 0
-0.154896228 0 1 0 0 0 0 0 1 0 0 0 0 0 1 0 0 1 0 0 1 1 0 0 1 0 0
-0.154896228 1 0 0 0 0 0 1 0 0 0 0 0 0 1 0 0 1 0 0 1 1 0 0 1 0 0
-0.154896228 0 0 1 0 0 0 0 0 1 0 0 0 0 1 0 0 1 0 1 0 1 0 0 0 0 0
-0.154896228 0 0 0 0 0 1 0 0 0 1 0 0 1 0 0 0 1 0 1 0 1 0 0 0 0 0
-0.154896228 0 0 1 0 0 0 0 0 0 1 0 0 0 1 0 0 1 0 0 1 1 0 0 0 0 0
-0.154896228 0 0 0 0 1 0 0 0 0 0 0 1 0 0 0 1 0 0 1 0 1 0 0 0 0 0
-0.154896228 0 0 1 0 0 0 0 0 1 0 0 0 0 0 1 0 0 0 1 0 1 0 0 0 0 0
-0.154896228 1 0 0 0 0 0 1 0 0 0 0 0 0 1 0 0 1 0 1 0 1 0 0 1 0 0
-0.154896228 0 1 0 0 0 0 0 1 0 0 0 0 0 1 0 0 1 0 0 1 1 0 0 1 0 0
-0.154896228 1 0 0 0 0 0 1 0 0 0 0 0 0 1 0 0 1 0 0 1 1 0 0 1 0 0
-0.154896228 1 0 0 0 0 0 1 0 0 0 0 0 0 1 0 0 1 0 0 1 1 0 0 1 0 0
-0.154896228 0 0 1 0 0 0 0 0 1 0 0 0 0 1 0 0 1 0 1 0 1 0 0 1 0 0
-0.154896228 0 0 0 0 0 1 0 1 0 0 0 0 1 0 0 0 1 0 1 0 1 0 0 0 0 0
-0.154896228 0 0 0 0 0 1 0 0 0 1 0 0 1 0 0 0 1 0 1 0 1 0 0 0 0 0
-0.154896228 0 1 0 0 0 0 0 0 1 0 0 0 0 1 0 0 1 0 1 0 1 0 0 0 0 0
-0.154896228 0 0 0 0 1 0 0 0 0 1 0 0 0 0 1 0 1 0 1 0 1 0 0 0 0 1
-0.154896228 0 0 1 0 0 0 0 0 1 0 0 0 0 1 0 0 1 0 1 0 1 0 0 0 0 0
-0.154896228 0 1 0 0 0 0 0 1 0 0 0 0 0 1 0 0 1 0 1 0 1 0 0 1 0 0
-0.154896228 0 0 1 0 0 0 0 0 0 1 0 0 0 0 0 1 0 0 0 1 1 0 0 1 0 0
-0.154896228 1 0 0 0 0 0 1 0 0 0 0 0 0 1 0 0 1 1 0 0 1 0 0 1 0 0
-0.154896228 0 0 0 1 0 0 0 0 0 1 0 0 0 0 1 0 0 0 0 1 1 0 0 1 0 0
-0.154896228 0 0 0 0 0 1 0 0 0 1 0 0 1 0 0 0 1 0 1 0 1 0 0 0 0 0
-0.154896228 0 1 0 0 0 0 0 0 1 0 0 0 0 1 0 0 1 0 0 1 1 0 0 0 0 0
-0.154896228 0 0 0 0 1 0 0 0 0 1 0 0 0 0 0 1 0 0 0 1 1 0 0 0 0 1
-0.154896228 0 0 1 0 0 0 0 0 1 0 0 0 0 1 0 0 1 0 1 0 1 0 0 0 0 0
-0.154896228 0 0 1 0 0 0 0 0 0 1 0 0 0 0 1 0 0 0 0 1 1 0 0 0 0 0
-0.154896228 1 0 0 0 0 0 1 0 0 0 0 0 0 1 0 0 1 0 0 1 1 0 0 1 0 0
-0.154896228 0 0 0 1 0 0 0 0 0 1 0 0 0 0 1 0 0 0 0 1 1 0 0 0 0 0
-0.154896228 0 0 1 0 0 0 0 0 1 0 0 0 0 1 0 0 0 0 0 1 1 0 0 0 0 0
-0.154896228 0 0 0 0 1 0 0 0 0 1 0 0 0 0 1 0 0 0 1 0 1 0 0 0 0 0
-0.154896228 0 0 0 0 0 1 0 0 1 0 0 0 1 0 0 0 1 1 0 0 1 0 0 0 0 0
-0.154896228 0 0 1 0 0 0 0 0 0 1 0 0 0 0 1 0 0 0 1 0 1 0 0 0 0 0
-0.154896228 1 0 0 0 0 0 1 0 0 0 0 0 0 1 0 0 1 0 1 0 1 0 0 1 0 0
-0.154896228 0 0 0 1 0 0 0 0 1 0 0 0 0 0 1 0 0 0 1 0 1 0 0 0 0 0
-0.154896228 0 0 0 0 0 1 0 0 1 0 0 0 1 0 0 0 1 0 1 0 1 0 0 1 1 0
-0.154896228 0 0 0 0 1 0 0 0 0 1 0 0 0 0 0 1 0 0 1 0 1 0 0 0 0 0
-0.154896228 0 0 0 0 0 1 0 0 1 0 0 0 1 0 0 0 1 0 1 0 1 0 0 0 0 0
-0.154896228 0 0 0 1 0 0 0 0 0 1 0 0 0 1 0 0 1 0 1 0 1 0 0 0 0 0
-0.154896228 0 0 0 1 0 0 0 0 0 1 0 0 0 0 1 0 1 0 1 0 1 0 0 0 0 0
-0.154896228 1 0 0 0 0 0 1 0 0 0 0 0 0 1 0 0 1 0 0 1 1 0 0 1 0 0
-0.154896228 0 1 0 0 0 0 0 0 1 0 0 0 0 1 0 0 1 0 0 1 1 0 0 1 0 0
-0.154896228 0 0 0 0 0 1 0 0 1 0 0 0 1 0 0 0 1 0 1 0 1 0 0 0 0 0
-0.154896228 0 0 0 0 1 0 0 0 0 1 0 0 0 0 1 0 0 0 1 0 1 0 0 0 0 0
-0.154896228 0 0 0 1 0 0 0 0 0 1 0 0 0 1 0 0 1 0 1 0 1 0 0 0 0 0
-0.154896228 0 0 0 1 0 0 0 0 1 0 0 0 0 0 1 0 1 0 1 0 1 0 0 0 0 0
-0.154896228 0 0 0 1 0 0 0 0 0 1 0 0 0 1 0 0 1 0 0 1 1 0 0 1 0 0
-0.154896228 0 0 0 0 0 1 0 0 1 0 0 0 1 0 0 0 1 0 1 0 1 0 0 1 1 0
-0.154896228 0 0 0 1 0 0 0 0 1 0 0 0 0 1 0 0 1 1 0 0 1 0 0 0 0 0
-0.154896228 0 0 0 1 0 0 0 0 1 0 0 0 0 0 1 0 0 0 0 1 1 0 0 0 0 0
-0.154896228 0 1 0 0 0 0 0 0 1 0 0 0 0 1 0 0 0 0 1 0 1 0 0 1 0 0
-0.154896228 0 0 0 1 0 0 0 0 1 0 0 0 0 1 0 0 1 0 1 0 1 0 0 1 0 0
-0.154896228 0 0 0 1 0 0 0 0 0 1 0 0 0 0 1 0 1 0 1 0 1 0 0 0 0 0
-0.154896228 0 0 0 0 0 1 0 0 1 0 0 0 1 0 0 0 1 0 1 0 1 0 0 1 0 0
-0.154896228 0 0 0 1 0 0 0 0 0 1 0 0 0 1 0 0 1 0 0 1 1 0 0 1 0 0
-0.154896228 0 0 0 0 0 1 0 0 0 0 1 0 1 0 0 0 1 0 1 0 1 0 0 1 1 0
-0.154896228 1 0 0 0 0 0 1 0 0 0 0 0 0 1 0 0 1 0 0 1 1 0 0 1 0 0
-0.154896228 0 1 0 0 0 0 0 1 0 0 0 0 0 1 0 0 1 0 0 1 1 0 0 1 0 0
-0.154896228 0 0 0 1 0 0 0 0 1 0 0 0 0 0 1 0 1 0 1 0 1 0 0 0 0 0
-0.154896228 0 1 0 0 0 0 0 0 1 0 0 0 0 1 0 0 0 0 0 1 1 0 0 1 0 0
-0.154896228 0 0 0 1 0 0 0 0 1 0 0 0 0 1 0 0 1 0 0 1 1 0 0 1 0 0
-0.154896228 0 0 0 0 0 1 0 0 0 0 1 0 1 0 0 0 1 0 0 1 1 0 0 1 1 0
-0.154896228 1 0 0 0 0 0 1 0 0 0 0 0 0 1 0 0 1 0 0 1 1 0 0 1 0 0
-0.154896228 0 0 0 0 0 1 0 0 1 0 0 0 1 0 0 0 1 0 1 0 1 0 0 1 1 0
-0.154896228 1 0 0 0 0 0 1 0 0 0 0 0 0 1 0 0 1 0 0 1 1 0 0 1 0 0
-0.154896228 0 1 0 0 0 0 0 1 0 0 0 0 0 1 0 0 1 0 1 0 1 0 0 1 0 0
-0.154896228 0 0 1 0 0 0 0 1 0 0 0 0 0 1 0 0 1 0 1 0 1 0 0 1 0 0
-0.154896228 0 0 0 1 0 0 0 0 1 0 0 0 0 1 0 0 1 0 1 0 1 0 0 0 0 0
-0.154896228 0 1 0 0 0 0 0 0 1 0 0 0 0 1 0 0 0 0 1 0 1 0 0 1 0 0
-0.154896228 0 0 0 1 0 0 0 0 1 0 0 0 0 1 0 0 1 0 0 1 1 0 0 1 0 0
-0.154896228 0 1 0 0 0 0 0 0 0 0 1 0 0 1 0 0 1 0 0 1 1 0 0 1 0 0
-0.154896228 1 0 0 0 0 0 1 0 0 0 0 0 0 1 0 0 1 1 0 0 1 0 0 1 0 0
-0.154896228 0 0 0 0 0 1 0 0 1 0 0 0 1 0 0 0 1 0 1 0 1 0 0 1 1 0
-0.154896228 1 0 0 0 0 0 1 0 0 0 0 0 0 1 0 0 1 0 0 1 1 0 0 1 0 0
-0.154896228 0 0 0 1 0 0 0 1 0 0 0 0 0 0 0 1 0 0 0 1 1 0 0 1 0 0
-0.154896228 0 0 1 0 0 0 0 1 0 0 0 0 0 0 1 0 1 0 0 1 1 0 0 1 0 0
-0.154896228 0 0 0 0 0 1 0 0 1 0 0 0 1 0 0 0 1 1 0 0 1 0 0 0 0 0
-0.154896228 0 1 0 0 0 0 0 0 1 0 0 0 0 1 0 0 1 0 1 0 1 0 0 1 0 0
-0.154896228 0 0 0 1 0 0 0 0 1 0 0 0 0 1 0 0 1 0 1 0 1 0 0 1 0 0
-0.154896228 0 1 0 0 0 0 0 0 0 0 0 1 0 1 0 0 1 0 1 0 1 0 0 1 0 0
-0.154896228 0 0 0 0 0 1 0 0 1 0 0 0 1 0 0 0 0 0 1 0 1 0 0 1 1 0
-0.154896228 1 0 0 0 0 0 1 0 0 0 0 0 0 1 0 0 1 0 1 0 1 0 0 1 0 0
3.147491346 0 0 0 1 0 0 0 0 0 0 0 1 0 0 0 1 1 0 0 1 1 0 0 0 0 0
-0.154896228 0 0 0 1 0 0 0 0 0 1 0 0 0 0 1 0 1 0 0 1 1 0 0 0 0 0
-0.154896228 0 1 0 0 0 0 0 1 0 0 0 0 0 1 0 0 1 0 0 1 1 0 0 1 0 0
-0.154896228 0 0 0 0 0 1 0 1 0 0 0 0 1 0 0 0 1 1 0 0 1 0 0 0 0 0
-0.154896228 0 0 0 0 0 1 0 0 1 0 0 0 1 0 0 0 1 0 1 0 1 0 0 1 0 0
-0.154896228 0 0 0 1 0 0 0 0 1 0 0 0 0 1 0 0 1 0 1 0 1 0 0 1 0 0
-0.154896228 0 1 0 0 0 0 0 0 1 0 0 0 0 1 0 0 1 0 0 1 1 0 0 1 0 0
-0.154896228 0 0 0 0 0 1 0 0 1 0 0 0 1 0 0 0 1 0 1 0 1 0 0 1 1 0
3.147491346 0 0 0 1 0 0 0 0 0 0 0 1 0 0 0 1 1 0 0 1 1 0 0 0 0 1
-0.154896228 0 0 0 1 0 0 0 1 0 0 0 0 0 1 0 0 1 0 0 1 1 0 0 0 0 1
-0.154896228 0 0 0 0 0 1 0 0 1 0 0 0 1 0 0 0 1 0 0 1 1 0 0 1 1 0
-0.154896228 0 0 0 0 0 1 0 0 1 0 0 0 1 0 0 0 1 1 0 0 1 0 0 1 0 0
-0.154896228 0 0 1 0 0 0 0 0 1 0 0 0 0 1 0 0 0 0 1 0 1 0 0 1 0 0
-0.154896228 0 1 0 0 0 0 0 0 1 0 0 0 0 1 0 0 0 1 0 0 1 0 0 1 0 0
-0.154896228 0 0 0 0 0 1 0 0 1 0 0 0 1 0 0 0 1 1 0 0 1 0 0 1 1 0
-0.154896228 1 0 0 0 0 0 1 0 0 0 0 0 0 1 0 0 1 0 0 1 1 0 0 1 0 0
-0.154896228 0 0 0 1 0 0 0 0 0 1 0 0 0 0 0 1 0 1 0 0 0 0 1 0 0 0
-0.154896228 0 0 0 1 0 0 0 0 0 1 0 0 0 1 0 0 1 1 0 0 1 0 0 0 0 0
-0.154896228 0 0 0 0 0 1 0 1 0 0 0 0 1 0 0 0 1 0 0 1 1 0 0 1 0 0
-0.154896228 0 0 0 0 0 1 0 0 1 0 0 0 1 0 0 0 1 0 1 0 1 0 0 1 1 0
-0.154896228 0 0 0 0 0 1 0 0 1 0 0 0 1 0 0 0 1 0 1 0 1 0 0 1 1 0
-0.154896228 0 0 0 0 0 1 0 0 1 0 0 0 1 0 0 0 1 0 0 1 1 0 0 1 0 0
-0.154896228 0 0 0 0 0 1 0 0 1 0 0 0 1 0 0 0 1 0 0 1 1 0 0 1 0 0
-0.154896228 0 0 0 0 0 1 0 0 0 0 1 0 1 0 0 0 1 0 0 1 1 0 0 1 0 0
-0.154896228 0 0 0 0 0 1 0 0 1 0 0 0 1 0 0 0 1 0 0 1 1 0 0 1 1 0
-0.154896228 0 0 0 0 1 0 0 0 0 0 0 1 0 0 0 1 0 0 0 1 0 0 1 0 0 1
-0.154896228 0 0 0 1 0 0 0 0 0 1 0 0 0 1 0 0 0 0 1 0 1 0 0 0 0 0
-0.154896228 0 0 1 0 0 0 0 0 1 0 0 0 0 1 0 0 1 0 0 1 1 0 0 1 0 0
-0.154896228 0 0 0 0 0 1 0 0 1 0 0 0 1 0 0 0 1 0 0 1 1 0 0 1 1 0
-0.154896228 0 1 0 0 0 0 0 0 1 0 0 0 0 1 0 0 1 0 0 1 1 0 0 1 0 0
-0.154896228 0 0 0 0 0 1 0 0 1 0 0 0 1 0 0 0 1 0 1 0 1 0 0 1 0 0
-0.154896228 0 0 0 0 0 1 0 0 1 0 0 0 1 0 0 0 1 0 1 0 1 0 0 1 0 0
-0.154896228 0 1 0 0 0 0 0 0 0 0 1 0 0 1 0 0 1 0 0 1 1 0 0 1 0 0
-0.154896228 1 0 0 0 0 0 1 0 0 0 0 0 0 1 0 0 1 1 0 0 1 0 0 1 0 0
-0.154896228 0 0 0 0 1 0 0 0 0 0 0 1 0 0 0 1 0 0 0 1 1 0 0 0 0 1
-0.154896228 0 0 0 1 0 0 0 0 0 1 0 0 0 1 0 0 0 0 1 0 1 0 0 0 0 0
-0.154896228 0 0 1 0 0 0 0 0 1 0 0 0 0 0 1 0 1 0 0 1 1 0 0 1 0 0
-0.154896228 0 0 0 0 0 1 0 0 1 0 0 0 1 0 0 0 1 0 0 1 1 0 0 1 1 0
-0.154896228 0 1 0 0 0 0 0 1 0 0 0 0 0 0 1 0 1 0 0 1 1 0 0 1 0 0
-0.154896228 0 0 1 0 0 0 0 0 0 1 0 0 0 1 0 0 1 0 0 1 1 0 0 1 0 0
-0.154896228 0 0 0 0 0 1 0 0 1 0 0 0 1 0 0 0 1 0 1 0 1 0 0 1 0 0
-0.154896228 0 1 0 0 0 0 0 0 1 0 0 0 0 1 0 0 0 0 0 1 1 0 0 1 0 0
-0.154896228 0 1 0 0 0 0 0 0 1 0 0 0 0 1 0 0 1 0 1 0 1 0 0 1 0 0
-0.154896228 0 0 0 0 1 0 0 0 0 0 0 1 0 0 1 0 0 0 1 0 1 0 0 0 0 1
-0.154896228 0 0 0 1 0 0 0 1 0 0 0 0 0 1 0 0 0 0 1 0 1 0 0 0 0 0
-0.154896228 0 1 0 0 0 0 0 1 0 0 0 0 0 0 1 0 1 0 0 1 1 0 0 1 0 0
-0.154896228 0 0 1 0 0 0 0 1 0 0 0 0 0 1 0 0 1 0 0 1 1 0 0 1 0 0
3.147491346 0 0 1 0 0 0 0 0 0 1 0 0 0 0 1 0 1 0 0 1 1 0 0 1 0 0
-0.154896228 0 0 1 0 0 0 0 0 1 0 0 0 0 1 0 0 1 0 0 1 1 0 0 1 0 0
-0.154896228 0 1 0 0 0 0 0 0 1 0 0 0 0 1 0 0 1 0 0 1 1 0 0 1 0 0
-0.154896228 0 0 0 0 0 1 0 0 1 0 0 0 1 0 0 0 1 1 0 0 1 0 0 1 0 0
-0.154896228 0 0 0 0 0 1 0 0 1 0 0 0 1 0 0 0 0 0 1 0 1 0 0 1 0 0
-0.154896228 0 0 0 0 1 0 0 0 0 1 0 0 0 0 1 0 1 0 1 0 1 0 0 0 0 0
-0.154896228 0 1 0 0 0 0 0 1 0 0 0 0 0 0 1 0 1 0 0 1 1 0 0 1 0 0
-0.154896228 0 0 1 0 0 0 0 0 1 0 0 0 0 1 0 0 1 0 0 1 1 0 0 1 0 0
-0.154896228 0 1 0 0 0 0 0 0 1 0 0 0 0 0 1 0 0 0 1 0 1 0 0 0 0 0
-0.154896228 0 0 1 0 0 0 0 0 0 1 0 0 0 1 0 0 0 0 0 1 1 0 0 1 0 0
-0.154896228 0 1 0 0 0 0 0 0 1 0 0 0 0 1 0 0 1 0 1 0 1 0 0 1 0 0
-0.154896228 0 0 0 0 0 1 0 0 1 0 0 0 1 0 0 0 1 0 1 0 1 0 0 1 0 0
-0.154896228 0 0 0 0 0 1 0 0 1 0 0 0 1 0 0 0 1 0 0 1 1 0 0 1 0 0
-0.154896228 0 0 0 0 1 0 0 0 0 1 0 0 0 0 1 0 0 0 1 0 1 0 0 0 0 0
-0.154896228 0 0 1 0 0 0 0 1 0 0 0 0 0 0 1 0 0 0 1 0 1 0 0 1 0 0
-0.154896228 0 0 1 0 0 0 0 0 0 1 0 0 0 0 1 0 1 0 0 1 1 0 0 1 0 0
-0.154896228 0 0 1 0 0 0 0 0 0 1 0 0 0 1 0 0 0 0 1 0 0 0 1 0 0 0
-0.154896228 0 0 1 0 0 0 0 0 0 1 0 0 0 1 0 0 1 0 1 0 1 0 0 1 0 0
-0.154896228 0 0 1 0 0 0 0 1 0 0 0 0 0 1 0 0 1 0 0 1 1 0 0 1 0 0
-0.154896228 0 0 0 0 0 1 0 0 1 0 0 0 1 0 0 0 1 0 1 0 1 0 0 1 0 0
-0.154896228 0 0 0 0 0 1 0 0 1 0 0 0 1 0 0 0 1 0 1 0 1 0 0 1 0 0
-0.154896228 0 0 0 0 1 0 0 0 0 0 0 1 0 0 1 0 0 0 0 1 1 0 0 0 0 1
-0.154896228 0 0 1 0 0 0 0 0 0 1 0 0 0 0 1 0 1 0 1 0 1 0 0 0 0 0
-0.154896228 0 0 1 0 0 0 0 0 0 1 0 0 0 0 1 0 1 0 0 1 1 0 0 0 0 0
3.147491346 1 0 0 0 0 0 1 0 0 0 0 0 0 0 1 0 1 0 1 0 1 0 0 0 0 0
-0.154896228 0 0 1 0 0 0 0 0 0 1 0 0 0 1 0 0 1 0 0 1 1 0 0 1 0 0
-0.154896228 0 0 1 0 0 0 0 0 0 1 0 0 0 1 0 0 0 0 0 1 1 0 0 1 0 0
-0.154896228 0 1 0 0 0 0 0 1 0 0 0 0 0 1 0 0 1 0 0 1 1 0 0 1 0 0
-0.154896228 1 0 0 0 0 0 1 0 0 0 0 0 0 1 0 0 1 0 0 1 1 0 0 1 0 0
-0.154896228 1 0 0 0 0 0 1 0 0 0 0 0 0 1 0 0 1 0 1 0 1 0 0 1 0 0
-0.154896228 0 0 0 0 0 1 0 0 1 0 0 0 1 0 0 0 1 0 0 1 1 0 0 1 0 0
-0.154896228 0 0 0 0 0 1 0 0 1 0 0 0 1 0 0 0 1 0 1 0 1 0 0 1 0 0
-0.154896228 0 0 0 0 1 0 0 0 0 0 0 1 0 0 1 0 0 0 1 0 0 0 1 0 0 0
-0.154896228 0 0 1 0 0 0 0 1 0 0 0 0 0 0 0 1 1 0 0 1 1 0 0 0 0 0
-0.154896228 0 0 1 0 0 0 0 0 0 1 0 0 0 0 1 0 1 0 1 0 1 0 0 0 0 0
-0.154896228 0 0 0 0 0 1 0 0 1 0 0 0 1 0 0 0 1 1 0 0 1 0 0 0 0 0
-0.154896228 0 0 1 0 0 0 0 0 0 1 0 0 0 1 0 0 1 0 1 0 1 0 0 1 0 0
-0.154896228 0 0 1 0 0 0 0 0 0 1 0 0 0 1 0 0 0 0 0 1 1 0 0 1 0 0
-0.154896228 0 0 1 0 0 0 0 1 0 0 0 0 0 1 0 0 1 0 1 0 1 0 0 1 0 0
-0.154896228 1 0 0 0 0 0 1 0 0 0 0 0 0 1 0 0 1 0 1 0 1 0 0 1 0 0
-0.154896228 0 1 0 0 0 0 0 1 0 0 0 0 0 1 0 0 1 0 1 0 1 0 0 1 0 0
-0.154896228 1 0 0 0 0 0 1 0 0 0 0 0 0 0 1 0 1 0 0 1 1 0 0 1 0 0
-0.154896228 0 0 0 0 0 1 0 1 0 0 0 0 1 0 0 0 1 0 1 0 1 0 0 1 1 0
-0.154896228 0 0 0 0 0 1 0 0 1 0 0 0 1 0 0 0 1 0 1 0 1 0 0 1 1 0
-0.154896228 0 0 0 0 1 0 0 0 1 0 0 0 0 1 0 0 1 1 0 0 1 0 0 0 0 0
-0.154896228 0 0 1 0 0 0 0 1 0 0 0 0 0 0 1 0 0 0 1 0 1 0 0 0 0 0
-0.154896228 0 1 0 0 0 0 0 1 0 0 0 0 0 1 0 0 1 0 1 0 1 0 0 0 0 0
-0.154896228 0 0 0 0 0 1 0 0 0 1 0 0 1 0 0 0 0 0 0 1 0 1 0 0 0 0
-0.154896228 0 0 0 0 0 1 0 0 0 1 0 0 1 0 0 0 1 0 1 0 1 0 0 1 0 0
-0.154896228 0 0 1 0 0 0 0 0 0 1 0 0 0 0 1 0 1 0 1 0 1 0 0 1 0 0
-0.154896228 0 0 0 0 0 1 0 0 1 0 0 0 1 0 0 0 1 1 0 0 1 0 0 1 0 0
-0.154896228 0 0 1 0 0 0 0 1 0 0 0 0 0 1 0 0 1 0 0 1 1 0 0 1 0 0
-0.154896228 0 0 1 0 0 0 0 1 0 0 0 0 0 1 0 0 1 0 0 1 1 0 0 1 0 0
-0.154896228 0 1 0 0 0 0 0 1 0 0 0 0 0 1 0 0 1 0 0 1 1 0 0 1 0 0
-0.154896228 0 0 0 0 0 1 0 0 1 0 0 0 1 0 0 0 1 0 1 0 1 0 0 0 1 0
-0.154896228 0 1 0 0 0 0 0 1 0 0 0 0 0 1 0 0 1 0 0 1 1 0 0 1 0 0
-0.154896228 0 0 1 0 0 0 0 1 0 0 0 0 0 1 0 0 1 0 0 1 1 0 0 1 0 0
-0.154896228 0 1 0 0 0 0 0 1 0 0 0 0 0 1 0 0 1 1 0 0 1 0 0 0 0 0
-0.154896228 0 0 0 0 0 1 0 0 1 0 0 0 1 0 0 0 1 0 1 0 1 0 0 0 0 0
-0.154896228 0 0 0 0 0 1 0 0 0 1 0 0 1 0 0 0 1 0 0 1 1 0 0 1 0 0
9.752266494 0 0 1 0 0 0 0 0 1 0 0 0 0 0 1 0 1 0 1 0 1 0 0 0 0 0
-0.154896228 1 0 0 0 0 0 1 0 0 0 0 0 0 1 0 0 1 0 0 1 1 0 0 1 0 0
-0.154896228 1 0 0 0 0 0 1 0 0 0 0 0 0 0 1 0 1 0 0 1 1 0 0 1 0 0
-0.154896228 0 0 1 0 0 0 0 0 1 0 0 0 0 0 1 0 1 0 0 1 1 0 0 1 0 0
-0.154896228 0 0 0 0 0 1 0 1 0 0 0 0 1 0 0 0 1 0 0 1 1 0 0 1 0 0
-0.154896228 0 0 0 0 0 1 0 0 0 1 0 0 1 0 0 0 1 0 1 0 1 0 0 0 1 0
-0.154896228 0 0 0 0 0 1 0 1 0 0 0 0 1 0 0 0 1 0 1 0 1 0 0 1 0 0
-0.154896228 1 0 0 0 0 0 1 0 0 0 0 0 0 1 0 0 1 0 0 1 1 0 0 1 0 0
-0.154896228 1 0 0 0 0 0 1 0 0 0 0 0 0 1 0 0 1 0 0 1 1 0 0 1 0 0
-0.154896228 1 0 0 0 0 0 1 0 0 0 0 0 0 1 0 0 1 0 0 1 1 0 0 1 0 0
-0.154896228 0 1 0 0 0 0 0 0 1 0 0 0 0 1 0 0 1 0 1 0 1 0 0 0 0 0
-0.154896228 1 0 0 0 0 0 1 0 0 0 0 0 0 1 0 0 0 1 0 0 1 0 0 0 0 0
-0.154896228 0 0 0 0 0 1 0 1 0 0 0 0 1 0 0 0 1 0 1 0 1 0 0 0 0 0
-0.154896228 0 0 1 0 0 0 0 1 0 0 0 0 0 1 0 0 1 1 0 0 1 0 0 1 0 0
-0.154896228 0 0 1 0 0 0 0 0 1 0 0 0 0 1 0 0 1 0 1 0 1 0 0 0 0 0
-0.154896228 1 0 0 0 0 0 1 0 0 0 0 0 0 1 0 0 1 0 1 0 1 0 0 1 0 0
-0.154896228 0 1 0 0 0 0 0 1 0 0 0 0 0 1 0 0 1 1 0 0 1 0 0 1 0 0
-0.154896228 0 1 0 0 0 0 0 1 0 0 0 0 0 1 0 0 1 0 1 0 1 0 0 0 0 0
-0.154896228 0 1 0 0 0 0 0 1 0 0 0 0 0 1 0 0 1 0 0 1 1 0 0 1 0 0
-0.154896228 0 1 0 0 0 0 0 0 0 1 0 0 0 1 0 0 1 0 0 1 1 0 0 0 0 0
-0.154896228 0 0 0 0 0 1 0 0 1 0 0 0 1 0 0 0 1 0 0 1 1 0 0 1 0 0
-0.154896228 0 1 0 0 0 0 0 1 0 0 0 0 0 1 0 0 1 0 0 1 1 0 0 1 0 0
-0.154896228 0 0 0 0 0 1 0 1 0 0 0 0 1 0 0 0 1 1 0 0 1 0 0 1 0 0
-0.154896228 0 1 0 0 0 0 0 1 0 0 0 0 0 0 1 0 1 0 0 1 1 0 0 1 0 0
-0.154896228 0 0 1 0 0 0 0 0 0 1 0 0 0 1 0 0 1 0 0 1 1 0 0 0 0 0
-0.154896228 1 0 0 0 0 0 1 0 0 0 0 0 0 1 0 0 1 0 0 1 1 0 0 1 0 0
-0.154896228 0 0 0 0 0 1 0 1 0 0 0 0 1 0 0 0 1 0 0 1 1 0 0 1 0 0
-0.154896228 0 1 0 0 0 0 0 0 1 0 0 0 0 1 0 0 0 0 1 0 0 0 1 0 0 0
-0.154896228 0 0 0 0 0 1 0 1 0 0 0 0 1 0 0 0 1 0 0 1 1 0 0 1 0 0
-0.154896228 0 1 0 0 0 0 0 1 0 0 0 0 0 1 0 0 1 0 1 0 1 0 0 0 0 0
-0.154896228 0 1 0 0 0 0 0 1 0 0 0 0 0 1 0 0 1 0 1 0 1 0 0 1 0 0
-0.154896228 0 0 0 0 0 1 0 0 0 1 0 0 1 0 0 0 1 0 1 0 1 0 0 0 0 0
-0.154896228 0 1 0 0 0 0 0 1 0 0 0 0 0 1 0 0 1 0 0 1 1 0 0 1 0 0
-0.154896228 1 0 0 0 0 0 1 0 0 0 0 0 0 1 0 0 1 0 0 1 1 0 0 1 0 0
-0.154896228 0 0 1 0 0 0 0 1 0 0 0 0 0 0 1 0 1 0 0 1 1 0 0 1 0 0
3.147491346 0 0 0 0 0 1 0 0 0 1 0 0 1 0 0 0 1 0 1 0 1 0 0 0 0 0
-0.154896228 0 1 0 0 0 0 0 1 0 0 0 0 0 1 0 0 1 0 0 1 1 0 0 1 0 0
-0.154896228 0 0 0 0 0 1 0 0 1 0 0 0 1 0 0 0 1 0 0 1 1 0 0 0 0 0
-0.154896228 1 0 0 0 0 0 1 0 0 0 0 0 0 1 0 0 1 0 1 0 1 0 0 1 0 0
-0.154896228 0 0 0 0 0 1 0 0 1 0 0 0 1 0 0 0 1 0 1 0 1 0 0 1 0 0
-0.154896228 0 1 0 0 0 0 0 0 1 0 0 0 0 1 0 0 1 0 1 0 1 0 0 0 0 0
-0.154896228 0 1 0 0 0 0 0 1 0 0 0 0 0 1 0 0 1 1 0 0 1 0 0 1 0 0
-0.154896228 0 0 0 0 0 1 0 1 0 0 0 0 1 0 0 0 1 0 0 1 1 0 0 1 0 0
-0.154896228 0 0 0 1 0 0 0 0 0 1 0 0 0 0 1 0 0 0 0 1 1 0 0 0 0 0
-0.154896228 0 0 1 0 0 0 0 1 0 0 0 0 0 0 1 0 1 0 1 0 1 0 0 0 0 0
-0.154896228 0 1 0 0 0 0 0 1 0 0 0 0 0 1 0 0 1 0 1 0 1 0 0 1 0 0
-0.154896228 1 0 0 0 0 0 1 0 0 0 0 0 0 1 0 0 1 0 0 1 1 0 0 1 0 0
-0.154896228 0 1 0 0 0 0 0 0 1 0 0 0 0 1 0 0 1 0 1 0 1 0 0 1 0 0
-0.154896228 0 0 0 0 0 1 0 0 1 0 0 0 1 0 0 0 0 0 1 0 1 0 0 0 0 0
-0.154896228 1 0 0 0 0 0 1 0 0 0 0 0 0 1 0 0 1 0 0 1 1 0 0 1 0 0
-0.154896228 0 1 0 0 0 0 0 0 1 0 0 0 0 1 0 0 1 0 0 1 1 0 0 0 0 0
-0.154896228 0 0 1 0 0 0 0 0 0 1 0 0 0 0 1 0 1 0 0 1 1 0 0 1 0 0
-0.154896228 0 0 0 1 0 0 0 0 0 1 0 0 0 0 1 0 0 0 1 0 1 0 0 0 0 0
-0.154896228 0 0 1 0 0 0 0 1 0 0 0 0 0 0 1 0 0 0 0 1 0 1 0 0 0 0
3.147491346 0 1 0 0 0 0 0 0 1 0 0 0 0 1 0 0 1 0 0 1 1 0 0 1 0 0
-0.154896228 0 0 0 0 0 1 0 0 1 0 0 0 1 0 0 0 1 0 1 0 1 0 0 0 0 0
-0.154896228 0 1 0 0 0 0 0 0 0 1 0 0 0 1 0 0 1 0 1 0 1 0 0 0 0 0
-0.154896228 0 1 0 0 0 0 0 1 0 0 0 0 0 1 0 0 1 0 1 0 1 0 0 0 0 0
-0.154896228 0 1 0 0 0 0 0 0 0 1 0 0 0 0 1 0 1 0 1 0 1 0 0 0 0 0
-0.154896228 1 0 0 0 0 0 1 0 0 0 0 0 0 1 0 0 1 0 1 0 1 0 0 0 0 0
-0.154896228 0 0 1 0 0 0 0 0 0 1 0 0 0 0 1 0 0 0 0 1 1 0 0 1 0 0
-0.154896228 0 1 0 0 0 0 0 1 0 0 0 0 0 1 0 0 1 0 0 1 1 0 0 1 0 0
-0.154896228 1 0 0 0 0 0 1 0 0 0 0 0 0 1 0 0 1 0 0 1 1 0 0 1 0 0
-0.154896228 0 0 0 0 0 1 0 0 1 0 0 0 1 0 0 0 1 0 1 0 1 0 0 0 0 0
-0.154896228 0 1 0 0 0 0 0 0 0 1 0 0 0 1 0 0 1 0 0 1 1 0 0 0 0 0
-0.154896228 0 0 1 0 0 0 0 1 0 0 0 0 0 0 1 0 1 0 1 0 1 0 0 0 0 0
-0.154896228 0 1 0 0 0 0 0 1 0 0 0 0 0 1 0 0 1 0 1 0 1 0 0 0 0 0
-0.154896228 1 0 0 0 0 0 1 0 0 0 0 0 0 0 1 0 1 0 0 1 1 0 0 0 0 0
-0.154896228 0 0 1 0 0 0 0 0 0 1 0 0 0 0 1 0 0 0 0 1 0 0 1 0 0 0
-0.154896228 0 0 1 0 0 0 0 1 0 0 0 0 0 1 0 0 1 0 0 1 1 0 0 1 0 0
-0.154896228 1 0 0 0 0 0 1 0 0 0 0 0 0 1 0 0 1 0 0 1 1 0 0 1 0 0
-0.154896228 0 0 1 0 0 0 0 1 0 0 0 0 0 1 0 0 1 0 0 1 1 0 0 1 0 0
-0.154896228 0 0 0 0 0 1 0 0 0 1 0 0 1 0 0 0 1 0 1 0 1 0 0 0 0 0
-0.154896228 1 0 0 0 0 0 1 0 0 0 0 0 0 1 0 0 1 1 0 0 1 0 0 0 0 0
-0.154896228 0 1 0 0 0 0 0 0 0 1 0 0 0 1 0 0 1 0 1 0 1 0 0 0 0 0
-0.154896228 0 0 1 0 0 0 0 0 0 1 0 0 0 0 1 0 1 0 1 0 1 0 0 0 0 0
-0.154896228 0 1 0 0 0 0 0 1 0 0 0 0 0 1 0 0 1 1 0 0 1 0 0 1 0 0
-0.154896228 0 1 0 0 0 0 0 1 0 0 0 0 0 1 0 0 1 1 0 0 1 0 0 1 0 0
-0.154896228 0 0 0 0 0 1 0 0 0 1 0 0 1 0 0 0 1 0 1 0 1 0 0 0 0 0
-0.154896228 0 1 0 0 0 0 0 1 0 0 0 0 0 1 0 0 1 0 1 0 1 0 0 0 0 0
-0.154896228 0 0 1 0 0 0 0 0 1 0 0 0 0 1 0 0 0 0 0 1 1 0 0 0 0 0
-0.154896228 1 0 0 0 0 0 1 0 0 0 0 0 0 1 0 0 0 0 0 1 1 0 0 1 0 0
-0.154896228 0 1 0 0 0 0 0 0 1 0 0 0 0 1 0 0 1 0 0 1 1 0 0 1 0 0
-0.154896228 1 0 0 0 0 0 1 0 0 0 0 0 0 1 0 0 1 0 0 1 1 0 0 1 0 0
-0.154896228 1 0 0 0 0 0 1 0 0 0 0 0 0 1 0 0 1 0 0 1 1 0 0 1 0 0
-0.154896228 0 0 0 0 0 1 0 0 1 0 0 0 1 0 0 0 1 0 1 0 1 0 0 0 0 0
3.147491346 0 0 1 0 0 0 0 0 0 1 0 0 0 0 1 0 0 0 1 0 1 0 0 0 0 0
-0.154896228 0 0 0 0 0 1 0 1 0 0 0 0 1 0 0 0 1 0 1 0 1 0 0 1 0 0
-0.154896228 0 0 1 0 0 0 0 1 0 0 0 0 0 1 0 0 1 0 1 0 1 0 0 1 0 0
-0.154896228 0 0 0 0 0 1 0 1 0 0 0 0 1 0 0 0 1 0 1 0 1 0 0 1 0 0
-0.154896228 0 0 0 0 0 1 0 0 1 0 0 0 1 0 0 0 1 0 1 0 1 0 0 1 1 0
-0.154896228 0 0 0 0 0 1 0 0 1 0 0 0 1 0 0 0 1 0 0 1 1 0 0 0 0 0
-0.154896228 0 0 1 0 0 0 0 0 0 0 0 1 0 0 1 0 0 0 0 1 0 1 0 0 0 0
-0.154896228 1 0 0 0 0 0 1 0 0 0 0 0 0 1 0 0 1 0 1 0 1 0 0 1 0 0
-0.154896228 1 0 0 0 0 0 1 0 0 0 0 0 0 0 1 0 1 0 1 0 1 0 0 1 0 0
-0.154896228 1 0 0 0 0 0 1 0 0 0 0 0 0 1 0 0 1 0 1 0 1 0 0 1 0 0
-0.154896228 0 0 0 0 0 1 0 0 1 0 0 0 1 0 0 0 1 0 1 0 1 0 0 1 1 0
-0.154896228 1 0 0 0 0 0 1 0 0 0 0 0 0 1 0 0 1 0 0 1 1 0 0 1 0 0
3.147491346 0 0 0 0 0 1 0 0 1 0 0 0 1 0 0 0 1 0 1 0 1 0 0 1 1 0
-0.154896228 0 0 1 0 0 0 0 0 0 0 0 1 0 0 1 0 1 0 0 1 1 0 0 0 0 0
-0.154896228 1 0 0 0 0 0 1 0 0 0 0 0 0 1 0 0 1 1 0 0 1 0 0 1 0 0
-0.154896228 1 0 0 0 0 0 1 0 0 0 0 0 0 1 0 0 1 0 0 1 1 0 0 1 0 0
-0.154896228 0 0 0 0 0 1 0 0 1 0 0 0 1 0 0 0 1 0 1 0 1 0 0 1 1 0
3.147491346 0 1 0 0 0 0 0 0 1 0 0 0 0 1 0 0 0 0 0 1 0 0 1 1 0 0
-0.154896228 1 0 0 0 0 0 1 0 0 0 0 0 0 1 0 0 1 0 0 1 1 0 0 1 0 0
-0.154896228 0 0 1 0 0 0 0 1 0 0 0 0 0 1 0 0 1 0 1 0 1 0 0 1 0 0
3.147491346 0 0 1 0 0 0 0 0 0 0 0 1 0 0 1 0 0 0 0 1 1 0 0 0 0 0
-0.154896228 1 0 0 0 0 0 1 0 0 0 0 0 0 1 0 0 1 0 0 1 1 0 0 1 0 0
-0.154896228 0 0 0 0 0 1 0 0 1 0 0 0 1 0 0 0 1 0 1 0 1 0 0 1 1 0
-0.154896228 0 1 0 0 0 0 0 0 1 0 0 0 0 1 0 0 1 0 0 1 1 0 0 1 0 0
-0.154896228 1 0 0 0 0 0 1 0 0 0 0 0 0 1 0 0 1 0 0 1 1 0 0 1 0 0
-0.154896228 0 0 1 0 0 0 0 1 0 0 0 0 0 1 0 0 1 0 0 1 1 0 0 1 0 0
-0.154896228 0 1 0 0 0 0 0 1 0 0 0 0 0 1 0 0 1 0 0 1 1 0 0 1 0 0
-0.154896228 0 0 1 0 0 0 0 1 0 0 0 0 0 1 0 0 1 0 0 1 1 0 0 1 0 0
-0.154896228 0 0 1 0 0 0 0 0 0 0 0 1 0 0 1 0 0 0 1 0 1 0 0 0 0 0
-0.154896228 0 0 1 0 0 0 0 0 0 1 0 0 0 0 1 0 1 0 0 1 1 0 0 1 0 0
-0.154896228 0 0 0 0 0 1 0 0 1 0 0 0 1 0 0 0 1 0 1 0 1 0 0 1 1 0
-0.154896228 0 1 0 0 0 0 0 0 1 0 0 0 0 1 0 0 0 0 1 0 0 1 0 1 0 0
-0.154896228 0 0 1 0 0 0 0 1 0 0 0 0 0 1 0 0 1 0 1 0 1 0 0 1 0 0
-0.154896228 1 0 0 0 0 0 1 0 0 0 0 0 0 1 0 0 1 0 1 0 1 0 0 1 0 0
-0.154896228 1 0 0 0 0 0 1 0 0 0 0 0 0 1 0 0 1 0 1 0 1 0 0 1 0 0
-0.154896228 1 0 0 0 0 0 1 0 0 0 0 0 0 1 0 0 1 0 0 1 1 0 0 1 0 0
-0.154896228 1 0 0 0 0 0 1 0 0 0 0 0 0 1 0 0 1 0 0 1 1 0 0 1 0 0
-0.154896228 0 0 1 0 0 0 0 0 1 0 0 0 0 1 0 0 1 0 1 0 1 0 0 1 0 0
-0.154896228 0 0 1 0 0 0 0 0 0 1 0 0 0 0 1 0 0 0 1 0 0 0 1 0 0 0
-0.154896228 0 0 1 0 0 0 0 0 1 0 0 0 0 1 0 0 1 0 0 1 1 0 0 1 0 0
-0.154896228 0 0 1 0 0 0 0 0 0 1 0 0 0 0 1 0 1 0 1 0 1 0 0 0 0 0
-0.154896228 0 1 0 0 0 0 0 0 1 0 0 0 0 1 0 0 1 0 0 1 1 0 0 1 0 0
-0.154896228 0 0 0 0 0 1 0 1 0 0 0 0 1 0 0 0 1 0 0 1 1 0 0 1 0 0
-0.154896228 0 1 0 0 0 0 0 1 0 0 0 0 0 1 0 0 1 0 0 1 1 0 0 1 0 0
-0.154896228 1 0 0 0 0 0 1 0 0 0 0 0 0 1 0 0 1 0 1 0 1 0 0 1 0 0
-0.154896228 1 0 0 0 0 0 1 0 0 0 0 0 0 1 0 0 1 0 0 1 1 0 0 1 0 0
-0.154896228 0 0 1 0 0 0 0 0 0 1 0 0 0 0 1 0 1 0 0 1 1 0 0 1 0 0
-0.154896228 0 0 0 0 0 1 0 0 1 0 0 0 1 0 0 0 1 0 1 0 1 0 0 1 1 0
-0.154896228 0 1 0 0 0 0 0 1 0 0 0 0 0 1 0 0 1 0 0 1 1 0 0 1 0 0
-0.154896228 0 0 0 0 0 1 0 0 0 1 0 0 1 0 0 0 1 1 0 0 1 0 0 0 0 0
-0.154896228 0 0 0 0 0 1 0 0 1 0 0 0 1 0 0 0 1 1 0 0 1 0 0 1 0 0
-0.154896228 0 0 1 0 0 0 0 0 0 1 0 0 0 0 1 0 1 0 0 1 1 0 0 0 0 0
-0.154896228 0 0 0 0 0 1 0 0 1 0 0 0 1 0 0 0 1 1 0 0 1 0 0 1 0 0
-0.154896228 0 1 0 0 0 0 0 0 1 0 0 0 0 1 0 0 1 0 1 0 1 0 0 1 0 0
-0.154896228 0 0 1 0 0 0 0 1 0 0 0 0 0 1 0 0 1 0 1 0 1 0 0 1 0 0
-0.154896228 0 0 1 0 0 0 0 0 1 0 0 0 0 0 1 0 0 0 0 1 1 0 0 1 0 0
-0.154896228 0 0 1 0 0 0 0 0 0 1 0 0 0 0 0 1 0 0 0 1 1 0 0 0 0 0
-0.154896228 0 0 0 0 0 1 0 0 1 0 0 0 1 0 0 0 1 0 0 1 1 0 0 1 1 0
-0.154896228 0 0 1 0 0 0 0 1 0 0 0 0 0 1 0 0 1 0 1 0 1 0 0 1 0 0
-0.154896228 0 1 0 0 0 0 0 0 0 1 0 0 0 1 0 0 1 0 0 1 1 0 0 1 0 0
-0.154896228 0 0 1 0 0 0 0 1 0 0 0 0 0 1 0 0 1 0 0 1 1 0 0 1 0 0
-0.154896228 0 0 0 0 0 1 0 0 1 0 0 0 1 0 0 0 1 0 0 1 1 0 0 1 0 0
-0.154896228 0 0 0 0 0 1 0 0 1 0 0 0 1 0 0 0 1 0 1 0 1 0 0 1 1 0
-0.154896228 1 0 0 0 0 0 1 0 0 0 0 0 0 1 0 0 1 0 1 0 1 0 0 1 0 0
-0.154896228 0 0 0 1 0 0 0 0 0 1 0 0 0 0 1 0 1 0 0 1 1 0 0 0 0 0
-0.154896228 0 0 1 0 0 0 0 0 1 0 0 0 0 1 0 0 1 0 0 1 1 0 0 1 0 0
-0.154896228 0 0 0 0 0 1 0 0 1 0 0 0 1 0 0 0 1 0 0 1 1 0 0 1 0 0
-0.154896228 0 0 0 0 0 1 0 1 0 0 0 0 1 0 0 0 1 1 0 0 1 0 0 1 0 0
-0.154896228 0 0 1 0 0 0 0 0 0 1 0 0 0 1 0 0 1 1 0 0 1 0 0 0 0 0
-0.154896228 0 0 1 0 0 0 0 0 0 1 0 0 0 0 1 0 1 0 1 0 1 0 0 0 0 0
-0.154896228 0 0 0 0 0 1 0 0 1 0 0 0 1 0 0 0 1 0 1 0 1 0 0 1 1 0
-0.154896228 0 1 0 0 0 0 0 1 0 0 0 0 0 1 0 0 0 0 1 0 1 0 0 1 0 0
-0.154896228 0 1 0 0 0 0 0 1 0 0 0 0 0 1 0 0 1 0 0 1 1 0 0 1 0 0
-0.154896228 0 0 1 0 0 0 0 0 1 0 0 0 0 0 1 0 1 0 0 1 1 0 0 1 0 0
-0.154896228 0 0 0 0 0 1 0 1 0 0 0 0 1 0 0 0 1 0 1 0 1 0 0 1 1 0
-0.154896228 0 0 0 0 0 1 0 1 0 0 0 0 1 0 0 0 1 0 1 0 1 0 0 1 0 0
-0.154896228 0 0 0 1 0 0 0 0 0 1 0 0 0 0 0 1 1 0 0 1 1 0 0 0 0 0
-0.154896228 0 0 1 0 0 0 0 0 0 1 0 0 0 1 0 0 1 0 0 1 1 0 0 1 0 0
-0.154896228 0 1 0 0 0 0 0 0 1 0 0 0 0 1 0 0 1 0 0 1 1 0 0 1 0 0
-0.154896228 0 0 0 0 0 1 0 0 1 0 0 0 1 0 0 0 0 0 1 0 1 0 0 1 0 0
-0.154896228 0 0 1 0 0 0 0 1 0 0 0 0 0 1 0 0 1 0 0 1 1 0 0 0 0 0
-0.154896228 0 1 0 0 0 0 0 0 1 0 0 0 0 1 0 0 1 0 1 0 1 0 0 0 0 0
-0.154896228 0 0 0 0 0 1 0 0 0 0 1 0 1 0 0 0 1 0 1 0 1 0 0 1 1 0
-0.154896228 0 1 0 0 0 0 0 1 0 0 0 0 0 1 0 0 1 0 0 1 1 0 0 1 0 0
-0.154896228 0 0 1 0 0 0 0 0 1 0 0 0 0 0 1 0 1 0 0 1 1 0 0 0 0 0
3.147491346 0 1 0 0 0 0 0 1 0 0 0 0 0 1 0 0 1 0 0 1 1 0 0 1 0 0
-0.154896228 0 0 0 0 0 1 0 1 0 0 0 0 1 0 0 0 1 0 0 1 1 0 0 1 0 0
-0.154896228 0 0 0 0 0 1 0 0 1 0 0 0 1 0 0 0 1 0 1 0 1 0 0 0 1 0
-0.154896228 0 0 0 0 0 1 0 0 1 0 0 0 1 0 0 0 1 0 1 0 1 0 0 1 1 0
-0.154896228 0 0 1 0 0 0 0 0 0 1 0 0 0 1 0 0 1 1 0 0 1 0 0 0 0 0
-0.154896228 0 0 1 0 0 0 0 0 1 0 0 0 0 0 1 0 1 0 0 1 1 0 0 1 0 0
-0.154896228 0 0 0 0 0 1 0 0 1 0 0 0 1 0 0 0 1 0 0 1 1 0 0 1 0 0
-0.154896228 0 1 0 0 0 0 0 1 0 0 0 0 0 0 1 0 1 0 0 1 1 0 0 0 0 0
-0.154896228 0 0 1 0 0 0 0 1 0 0 0 0 0 0 1 0 1 0 0 1 1 0 0 0 0 0
-0.154896228 0 0 0 0 0 1 0 0 0 1 0 0 1 0 0 0 1 0 1 0 1 0 0 1 1 0
-0.154896228 1 0 0 0 0 0 1 0 0 0 0 0 0 1 0 0 1 0 1 0 1 0 0 1 0 0
-0.154896228 0 0 0 1 0 0 0 0 0 1 0 0 0 0 1 0 0 0 0 1 1 0 0 0 0 0
3.147491346 0 0 1 0 0 0 0 1 0 0 0 0 0 1 0 0 1 0 0 1 1 0 0 1 0 0
-0.154896228 0 0 0 0 0 1 0 0 0 0 1 0 1 0 0 0 1 0 0 1 1 0 0 0 1 0
-0.154896228 0 0 1 0 0 0 0 0 0 1 0 0 0 0 1 0 1 0 1 0 1 0 0 1 0 0
-0.154896228 0 0 1 0 0 0 0 1 0 0 0 0 0 1 0 0 1 0 0 1 1 0 0 1 0 0
-0.154896228 1 0 0 0 0 0 1 0 0 0 0 0 0 1 0 0 1 0 0 1 1 0 0 1 0 0
-0.154896228 0 0 1 0 0 0 0 0 1 0 0 0 0 0 1 0 1 0 0 1 1 0 0 0 0 0
-0.154896228 0 0 0 0 0 1 0 0 1 0 0 0 1 0 0 0 1 0 1 0 1 0 0 1 0 0
-0.154896228 0 0 1 0 0 0 0 0 0 1 0 0 0 0 1 0 1 0 0 1 1 0 0 0 0 0
-0.154896228 0 1 0 0 0 0 0 1 0 0 0 0 0 1 0 0 1 0 0 1 1 0 0 1 0 0
-0.154896228 0 0 1 0 0 0 0 1 0 0 0 0 0 1 0 0 1 0 1 0 1 0 0 0 0 0
-0.154896228 0 0 0 0 0 1 0 0 1 0 0 0 1 0 0 0 1 0 0 1 1 0 0 1 1 0
-0.154896228 0 0 1 0 0 0 0 1 0 0 0 0 0 1 0 0 1 0 0 1 1 0 0 1 0 0
-0.154896228 0 0 0 1 0 0 0 0 0 1 0 0 0 0 1 0 0 0 1 0 1 0 0 0 0 0
-0.154896228 0 0 1 0 0 0 0 0 0 1 0 0 0 0 1 0 0 0 0 1 0 0 1 1 0 0
-0.154896228 1 0 0 0 0 0 1 0 0 0 0 0 0 1 0 0 1 0 1 0 1 0 0 1 0 0
-0.154896228 0 0 0 0 0 1 0 0 0 1 0 0 1 0 0 0 1 0 0 1 1 0 0 0 1 0
-0.154896228 0 0 1 0 0 0 0 0 0 1 0 0 0 0 1 0 1 0 0 1 1 0 0 0 0 0
-0.154896228 0 1 0 0 0 0 0 1 0 0 0 0 0 1 0 0 1 0 1 0 1 0 0 1 0 0
-0.154896228 0 0 1 0 0 0 0 0 1 0 0 0 0 1 0 0 1 1 0 0 1 0 0 0 0 0
-0.154896228 0 0 0 0 0 1 0 0 1 0 0 0 1 0 0 0 1 0 1 0 1 0 0 1 0 0
-0.154896228 0 0 1 0 0 0 0 1 0 0 0 0 0 1 0 0 1 1 0 0 1 0 0 0 0 0
-0.154896228 0 1 0 0 0 0 0 1 0 0 0 0 0 1 0 0 1 0 1 0 1 0 0 1 0 0
-0.154896228 1 0 0 0 0 0 1 0 0 0 0 0 0 1 0 0 1 0 1 0 1 0 0 0 0 0
-0.154896228 0 0 0 0 0 1 0 0 1 0 0 0 1 0 0 0 1 0 0 1 1 0 0 1 1 0
-0.154896228 0 1 0 0 0 0 0 1 0 0 0 0 0 1 0 0 1 0 1 0 1 0 0 1 0 0
-0.154896228 0 0 0 1 0 0 0 0 0 1 0 0 0 1 0 0 0 0 1 0 1 0 0 0 0 0
-0.154896228 0 0 0 1 0 0 0 0 0 1 0 0 0 0 1 0 1 0 0 1 1 0 0 0 0 0
-0.154896228 0 0 0 0 0 1 0 0 0 1 0 0 1 0 0 0 1 0 0 1 1 0 0 0 1 0
3.147491346 0 0 1 0 0 0 0 0 0 1 0 0 0 0 1 0 0 0 0 1 1 0 0 0 0 0
-0.154896228 0 1 0 0 0 0 0 1 0 0 0 0 0 1 0 0 1 0 0 1 1 0 0 1 0 0
-0.154896228 0 0 1 0 0 0 0 0 1 0 0 0 0 1 0 0 1 0 1 0 1 0 0 0 0 0
-0.154896228 0 0 0 0 0 1 0 0 1 0 0 0 1 0 0 0 1 0 1 0 1 0 0 1 0 0
-0.154896228 0 0 1 0 0 0 0 1 0 0 0 0 0 1 0 0 1 0 0 1 1 0 0 0 0 0
-0.154896228 0 0 0 0 0 1 0 0 1 0 0 0 1 0 0 0 1 0 1 0 1 0 0 1 1 0
-0.154896228 0 1 0 0 0 0 0 0 0 1 0 0 0 1 0 0 1 1 0 0 1 0 0 1 0 0
-0.154896228 0 0 0 1 0 0 0 0 0 1 0 0 0 0 1 0 1 0 1 0 1 0 0 0 0 0
-0.154896228 0 0 0 1 0 0 0 0 0 1 0 0 0 0 0 1 0 0 1 0 1 0 0 0 0 0
-0.154896228 0 0 0 0 0 1 0 0 0 1 0 0 1 0 0 0 1 0 1 0 1 0 0 0 1 0
-0.154896228 0 0 1 0 0 0 0 0 0 1 0 0 0 0 0 1 0 0 1 0 0 0 1 0 0 0
-0.154896228 0 0 0 1 0 0 0 0 1 0 0 0 0 0 1 0 1 0 1 0 1 0 0 0 0 0
-0.154896228 0 0 0 0 0 1 0 1 0 0 0 0 1 0 0 0 1 0 1 0 1 0 0 1 1 0
-0.154896228 0 0 0 0 0 1 0 0 1 0 0 0 1 0 0 0 1 0 0 1 1 0 0 1 0 0
3.147491346 0 0 1 0 0 0 0 0 0 1 0 0 0 0 1 0 1 0 0 1 1 0 0 0 0 0
-0.154896228 0 0 0 0 0 1 0 0 1 0 0 0 1 0 0 0 1 0 0 1 1 0 0 1 1 0
-0.154896228 0 0 0 1 0 0 0 0 0 1 0 0 0 1 0 0 0 0 0 1 1 0 0 0 0 0
-0.154896228 0 0 0 1 0 0 0 0 0 1 0 0 0 1 0 0 1 0 1 0 1 0 0 0 0 0
-0.154896228 0 1 0 0 0 0 0 0 0 1 0 0 0 1 0 0 1 0 1 0 1 0 0 0 0 0
-0.154896228 0 0 1 0 0 0 0 0 0 1 0 0 0 0 0 1 1 0 1 0 1 0 0 0 0 0
3.147491346 0 0 0 1 0 0 0 0 1 0 0 0 0 0 1 0 1 0 0 1 1 0 0 0 0 0
-0.154896228 0 0 0 0 0 1 0 1 0 0 0 0 1 0 0 0 1 0 0 1 1 0 0 1 1 0
-0.154896228 0 0 1 0 0 0 0 1 0 0 0 0 0 0 1 0 1 0 0 1 1 0 0 1 0 0
-0.154896228 0 0 0 0 0 1 0 0 1 0 0 0 1 0 0 0 1 0 0 1 1 0 0 1 1 0
-0.154896228 0 0 0 0 0 1 0 0 1 0 0 0 1 0 0 0 1 0 0 1 1 0 0 0 1 0
-0.154896228 0 0 1 0 0 0 0 0 1 0 0 0 0 0 1 0 1 0 0 1 1 0 0 0 0 0
-0.154896228 0 0 0 0 0 1 0 0 1 0 0 0 1 0 0 0 1 0 1 0 1 0 0 1 1 0
-0.154896228 0 0 0 0 0 1 0 0 0 1 0 0 1 0 0 0 1 0 1 0 1 0 0 0 0 0
-0.154896228 0 0 0 0 1 0 0 0 0 1 0 0 0 0 1 0 1 0 1 0 1 0 0 0 0 0
-0.154896228 0 1 0 0 0 0 0 0 0 1 0 0 0 1 0 0 1 0 0 1 1 0 0 0 0 0
-0.154896228 0 1 0 0 0 0 0 0 0 1 0 0 0 0 1 0 1 0 1 0 1 0 0 0 0 0
-0.154896228 0 0 0 1 0 0 0 0 0 1 0 0 0 0 1 0 1 0 0 1 1 0 0 0 0 0
-0.154896228 0 0 0 0 0 1 0 0 1 0 0 0 1 0 0 0 1 0 1 0 1 0 0 1 1 0
-0.154896228 0 0 1 0 0 0 0 1 0 0 0 0 0 0 1 0 0 0 0 1 1 0 0 0 0 0
-0.154896228 0 0 0 0 0 1 0 0 1 0 0 0 1 0 0 0 1 0 1 0 1 0 0 0 1 0
-0.154896228 1 0 0 0 0 0 1 0 0 0 0 0 0 1 0 0 1 0 0 1 1 0 0 1 0 0
-0.154896228 0 0 1 0 0 0 0 0 1 0 0 0 0 1 0 0 1 1 0 0 0 0 1 0 0 0
-0.154896228 0 0 0 0 0 1 0 0 1 0 0 0 1 0 0 0 1 0 1 0 1 0 0 1 1 0
-0.154896228 0 0 0 0 1 0 0 0 0 1 0 0 0 0 1 0 0 0 1 0 1 0 0 0 0 0
-0.154896228 0 1 0 0 0 0 0 1 0 0 0 0 0 1 0 0 1 0 1 0 1 0 0 0 0 0
-0.154896228 0 0 0 1 0 0 0 0 0 1 0 0 0 0 1 0 0 0 0 1 0 0 1 0 0 0
-0.154896228 0 0 0 0 0 1 0 0 1 0 0 0 1 0 0 0 1 0 0 1 1 0 0 1 1 0
-0.154896228 0 1 0 0 0 0 0 0 0 1 0 0 0 0 1 0 1 0 1 0 1 0 0 0 0 0
-0.154896228 0 0 0 0 0 1 0 0 1 0 0 0 1 0 0 0 1 0 1 0 1 0 0 0 1 0
-0.154896228 0 0 1 0 0 0 0 1 0 0 0 0 0 0 1 0 1 0 0 1 1 0 0 1 0 0
-0.154896228 0 1 0 0 0 0 0 1 0 0 0 0 0 1 0 0 1 0 0 1 1 0 0 1 0 0
-0.154896228 0 0 0 0 0 1 0 0 1 0 0 0 1 0 0 0 1 0 1 0 1 0 0 1 1 0
-0.154896228 0 0 0 0 1 0 0 0 0 1 0 0 0 0 1 0 0 0 1 0 1 0 0 0 0 0
-0.154896228 0 1 0 0 0 0 0 1 0 0 0 0 0 1 0 0 1 0 1 0 1 0 0 0 0 0
-0.154896228 0 0 0 0 0 1 0 0 1 0 0 0 1 0 0 0 1 0 0 1 1 0 0 0 0 0
-0.154896228 0 0 0 1 0 0 0 0 0 1 0 0 0 0 1 0 1 0 0 1 1 0 0 0 0 0
-0.154896228 0 0 0 0 0 1 0 0 1 0 0 0 1 0 0 0 0 0 1 0 1 0 0 1 1 0
-0.154896228 0 1 0 0 0 0 0 0 0 1 0 0 0 0 1 0 0 0 0 1 1 0 0 0 0 0
-0.154896228 0 0 0 0 0 1 0 0 1 0 0 0 1 0 0 0 1 0 1 0 1 0 0 0 1 0
-0.154896228 0 0 1 0 0 0 0 1 0 0 0 0 0 0 1 0 1 0 0 1 1 0 0 0 0 0
-0.154896228 0 1 0 0 0 0 0 1 0 0 0 0 0 1 0 0 1 0 0 1 1 0 0 1 0 0
-0.154896228 0 0 0 0 0 1 0 0 1 0 0 0 1 0 0 0 1 0 1 0 1 0 0 1 1 0
-0.154896228 0 0 0 0 1 0 0 0 0 1 0 0 0 0 1 0 1 1 0 0 1 0 0 0 0 0
-0.154896228 0 0 0 0 0 1 0 1 0 0 0 0 1 0 0 0 1 1 0 0 1 0 0 0 0 0
-0.154896228 0 0 0 0 0 1 0 0 1 0 0 0 1 0 0 0 0 0 0 1 1 0 0 0 0 0
-0.154896228 0 0 0 1 0 0 0 0 1 0 0 0 0 0 1 0 0 0 1 0 1 0 0 0 0 0
-0.154896228 0 0 0 0 0 1 0 0 1 0 0 0 1 0 0 0 1 0 0 1 1 0 0 1 1 0
-0.154896228 0 0 1 0 0 0 0 1 0 0 0 0 0 0 1 0 1 0 1 0 1 0 0 0 0 0
-0.154896228 0 0 0 0 0 1 0 1 0 0 0 0 1 0 0 0 1 0 1 0 1 0 0 0 1 0
-0.154896228 0 0 1 0 0 0 0 0 0 1 0 0 0 1 0 0 1 0 1 0 1 0 0 0 0 0
-0.154896228 0 0 0 0 0 1 0 1 0 0 0 0 1 0 0 0 1 1 0 0 1 0 0 1 0 0
-0.154896228 1 0 0 0 0 0 1 0 0 0 0 0 0 1 0 0 1 0 1 0 1 0 0 1 0 0
-0.154896228 0 0 0 0 0 1 0 0 1 0 0 0 1 0 0 0 1 0 1 0 1 0 0 0 1 0
-0.154896228 0 0 0 0 0 1 0 0 1 0 0 0 1 0 0 0 1 0 1 0 1 0 0 0 0 0
-0.154896228 0 0 0 1 0 0 0 0 1 0 0 0 0 0 1 0 0 0 1 0 1 0 0 0 0 0
-0.154896228 0 1 0 0 0 0 0 0 1 0 0 0 0 1 0 0 0 0 1 0 1 0 0 1 0 0
-0.154896228 0 1 0 0 0 0 0 1 0 0 0 0 0 1 0 0 1 1 0 0 1 0 0 0 0 0
-0.154896228 0 0 0 0 0 1 0 0 1 0 0 0 1 0 0 0 1 0 1 0 1 0 0 0 1 0
-0.154896228 1 0 0 0 0 0 1 0 0 0 0 0 0 1 0 0 1 0 0 1 1 0 0 1 0 0
-0.154896228 0 0 0 0 0 1 0 0 1 0 0 0 1 0 0 0 1 0 0 1 1 0 0 1 1 0
-0.154896228 0 0 0 0 0 1 0 0 1 0 0 0 1 0 0 0 1 0 1 0 1 0 0 0 0 0
-0.154896228 0 0 1 0 0 0 0 0 0 1 0 0 0 0 1 0 0 0 1 0 1 0 0 0 0 0
-0.154896228 0 0 0 0 0 1 0 0 1 0 0 0 1 0 0 0 1 0 1 0 1 0 0 1 0 0
-0.154896228 1 0 0 0 0 0 1 0 0 0 0 0 0 1 0 0 1 0 1 0 1 0 0 0 0 0
-0.154896228 0 0 0 0 0 1 0 0 1 0 0 0 1 0 0 0 1 0 1 0 1 0 0 0 1 0
-0.154896228 0 1 0 0 0 0 0 1 0 0 0 0 0 1 0 0 1 0 0 1 1 0 0 1 0 0
-0.154896228 0 0 1 0 0 0 0 0 1 0 0 0 0 1 0 0 0 0 0 1 1 0 0 0 0 0
-0.154896228 0 0 1 0 0 0 0 0 0 0 1 0 0 1 0 0 1 0 0 1 1 0 0 1 0 0
-0.154896228 0 0 1 0 0 0 0 1 0 0 0 0 0 1 0 0 1 0 0 1 1 0 0 1 0 0
-0.154896228 0 1 0 0 0 0 0 0 1 0 0 0 0 1 0 0 1 0 1 0 1 0 0 1 0 0
-0.154896228 0 0 0 0 0 1 0 0 1 0 0 0 1 0 0 0 1 0 1 0 1 0 0 0 0 0
-0.154896228 0 0 1 0 0 0 0 0 0 1 0 0 0 0 1 0 1 0 1 0 1 0 0 0 0 0
-0.154896228 0 0 0 0 0 1 0 0 1 0 0 0 1 0 0 0 1 0 1 0 1 0 0 1 0 0
-0.154896228 0 0 0 0 0 1 0 1 0 0 0 0 1 0 0 0 1 0 1 0 1 0 0 0 1 0
-0.154896228 0 1 0 0 0 0 0 0 1 0 0 0 0 1 0 0 1 0 0 1 1 0 0 0 0 0
-0.154896228 0 1 0 0 0 0 0 0 1 0 0 0 0 0 1 0 1 0 0 1 1 0 0 1 0 0
-0.154896228 0 0 0 0 0 1 0 1 0 0 0 0 1 0 0 0 1 0 1 0 1 0 0 1 0 0
-0.154896228 0 1 0 0 0 0 0 0 1 0 0 0 0 1 0 0 1 0 0 1 1 0 0 1 0 0
-0.154896228 0 0 0 0 0 1 0 0 1 0 0 0 1 0 0 0 1 0 1 0 1 0 0 0 0 0
-0.154896228 0 0 1 0 0 0 0 0 0 1 0 0 0 1 0 0 1 0 0 1 1 0 0 0 0 0
-0.154896228 0 0 0 0 0 1 0 0 1 0 0 0 1 0 0 0 1 0 1 0 1 0 0 1 0 0
-0.154896228 0 0 0 0 0 1 0 1 0 0 0 0 1 0 0 0 1 0 0 1 1 0 0 0 1 0
-0.154896228 1 0 0 0 0 0 1 0 0 0 0 0 0 1 0 0 1 0 0 1 1 0 0 1 0 0
-0.154896228 0 1 0 0 0 0 0 0 1 0 0 0 0 1 0 0 1 0 1 0 1 0 0 0 0 0
-0.154896228 0 1 0 0 0 0 0 0 1 0 0 0 0 1 0 0 1 0 1 0 1 0 0 1 0 0
-0.154896228 0 1 0 0 0 0 0 1 0 0 0 0 0 1 0 0 1 0 0 1 1 0 0 1 0 0
-0.154896228 0 1 0 0 0 0 0 0 1 0 0 0 0 1 0 0 1 1 0 0 1 0 0 1 0 0
-0.154896228 1 0 0 0 0 0 1 0 0 0 0 0 0 1 0 0 1 0 0 1 1 0 0 1 0 0
-0.154896228 0 1 0 0 0 0 0 0 1 0 0 0 0 1 0 0 1 0 1 0 1 0 0 1 0 0
-0.154896228 0 0 1 0 0 0 0 0 0 1 0 0 0 0 1 0 1 0 0 1 1 0 0 0 0 0
-0.154896228 0 0 0 0 0 1 0 0 1 0 0 0 1 0 0 0 1 0 1 0 1 0 0 1 0 0
-0.154896228 0 0 0 0 0 1 0 0 1 0 0 0 1 0 0 0 1 0 0 1 1 0 0 0 1 0
-0.154896228 0 1 0 0 0 0 0 0 1 0 0 0 0 1 0 0 1 0 0 1 1 0 0 1 0 0
3.147491346 0 1 0 0 0 0 0 0 1 0 0 0 0 1 0 0 1 0 0 1 1 0 0 0 0 0
-0.154896228 0 0 0 0 0 1 0 0 1 0 0 0 1 0 0 0 1 0 0 1 1 0 0 1 0 0
-0.154896228 0 1 0 0 0 0 0 1 0 0 0 0 0 1 0 0 1 0 1 0 1 0 0 1 0 0
-0.154896228 0 0 1 0 0 0 0 0 1 0 0 0 0 1 0 0 1 0 0 1 1 0 0 1 0 0
-0.154896228 0 0 0 0 0 1 0 0 1 0 0 0 1 0 0 0 0 0 0 1 1 0 0 1 0 0
-0.154896228 0 0 0 0 0 1 0 0 1 0 0 0 1 0 0 0 1 0 0 1 1 0 0 1 0 0
-0.154896228 0 0 1 0 0 0 0 0 0 1 0 0 0 1 0 0 1 0 1 0 1 0 0 0 0 0
-0.154896228 0 0 0 0 0 1 0 0 1 0 0 0 1 0 0 0 1 0 1 0 1 0 0 1 0 0
-0.154896228 0 0 0 0 0 1 0 0 1 0 0 0 1 0 0 0 1 0 1 0 1 0 0 0 1 0
-0.154896228 0 0 1 0 0 0 0 0 1 0 0 0 0 0 1 0 1 0 0 1 1 0 0 1 0 0
-0.154896228 0 0 1 0 0 0 0 0 0 1 0 0 0 0 1 0 0 0 1 0 1 0 0 0 0 0
-0.154896228 0 0 0 0 1 0 0 0 1 0 0 0 0 1 0 0 0 0 1 0 1 0 0 1 0 0
-0.154896228 0 0 0 0 0 1 0 1 0 0 0 0 1 0 0 0 1 0 1 0 1 0 0 1 0 0
-0.154896228 0 1 0 0 0 0 0 1 0 0 0 0 0 0 1 0 1 0 1 0 1 0 0 1 0 0
-0.154896228 0 0 0 0 0 1 0 0 1 0 0 0 1 0 0 0 1 0 1 0 1 0 0 1 0 0
-0.154896228 0 0 0 0 0 1 0 0 1 0 0 0 1 0 0 0 1 0 1 0 1 0 0 1 0 0
-0.154896228 0 0 1 0 0 0 0 0 0 1 0 0 0 1 0 0 1 0 0 1 1 0 0 0 0 0
-0.154896228 0 0 1 0 0 0 0 0 0 1 0 0 0 0 1 0 0 0 1 0 1 0 0 0 0 0
-0.154896228 0 0 1 0 0 0 0 0 1 0 0 0 0 1 0 0 0 0 1 0 0 0 1 0 0 0
-0.154896228 0 0 0 0 1 0 0 0 0 0 1 0 0 1 0 0 1 0 1 0 1 0 0 1 0 0
-0.154896228 0 1 0 0 0 0 0 1 0 0 0 0 0 1 0 0 1 0 0 1 1 0 0 1 0 0
-0.154896228 0 0 1 0 0 0 0 1 0 0 0 0 0 0 1 0 1 0 0 1 1 0 0 1 0 0
-0.154896228 0 1 0 0 0 0 0 0 1 0 0 0 0 1 0 0 1 0 1 0 1 0 0 1 0 0
-0.154896228 0 0 0 0 0 1 0 1 0 0 0 0 1 0 0 0 1 0 1 0 1 0 0 1 0 0
-0.154896228 0 0 0 0 0 1 0 1 0 0 0 0 1 0 0 0 1 0 0 1 1 0 0 1 1 0
-0.154896228 0 0 1 0 0 0 0 0 1 0 0 0 0 1 0 0 1 0 0 1 1 0 0 1 0 0
-0.154896228 0 0 1 0 0 0 0 0 1 0 0 0 0 0 1 0 1 1 0 0 1 0 0 0 0 0
-0.154896228 0 1 0 0 0 0 0 1 0 0 0 0 0 0 1 0 1 0 1 0 1 0 0 0 0 0
-0.154896228 0 1 0 0 0 0 0 0 1 0 0 0 0 1 0 0 1 0 0 1 1 0 0 1 0 0
-0.154896228 1 0 0 0 0 0 1 0 0 0 0 0 0 0 1 0 0 0 1 0 1 0 0 0 0 0
-0.154896228 0 0 0 0 0 1 0 0 1 0 0 0 1 0 0 0 1 0 0 1 1 0 0 1 0 0
-0.154896228 1 0 0 0 0 0 1 0 0 0 0 0 0 1 0 0 1 0 0 1 1 0 0 1 0 0
-0.154896228 0 1 0 0 0 0 0 0 1 0 0 0 0 0 1 0 1 0 0 1 1 0 0 1 0 0
-0.154896228 0 0 0 0 0 1 0 1 0 0 0 0 1 0 0 0 0 1 0 0 1 0 0 0 0 0
-0.154896228 0 1 0 0 0 0 0 0 1 0 0 0 0 1 0 0 1 0 1 0 1 0 0 0 0 0
-0.154896228 0 0 0 0 0 1 0 0 1 0 0 0 1 0 0 0 1 0 1 0 1 0 0 1 0 0
-0.154896228 1 0 0 0 0 0 1 0 0 0 0 0 0 0 1 0 1 0 1 0 1 0 0 0 0 0
-0.154896228 0 1 0 0 0 0 0 0 1 0 0 0 0 1 0 0 1 0 1 0 1 0 0 1 0 0
-0.154896228 1 0 0 0 0 0 1 0 0 0 0 0 0 1 0 0 1 0 0 1 1 0 0 1 0 0
-0.154896228 0 0 1 0 0 0 0 0 0 1 0 0 0 1 0 0 1 0 0 1 1 0 0 1 0 0
-0.154896228 0 1 0 0 0 0 0 0 1 0 0 0 0 1 0 0 1 0 1 0 1 0 0 1 0 0
-0.154896228 1 0 0 0 0 0 1 0 0 0 0 0 0 1 0 0 1 0 0 1 1 0 0 1 0 0
-0.154896228 0 1 0 0 0 0 0 0 1 0 0 0 0 1 0 0 0 0 1 0 1 0 0 0 0 0
-0.154896228 0 1 0 0 0 0 0 0 1 0 0 0 0 0 1 0 1 0 0 1 1 0 0 1 0 0
-0.154896228 0 1 0 0 0 0 0 1 0 0 0 0 0 1 0 0 1 0 1 0 1 0 0 0 0 0
-0.154896228 0 1 0 0 0 0 0 0 1 0 0 0 0 1 0 0 1 0 0 1 1 0 0 1 0 0
-0.154896228 0 0 1 0 0 0 0 0 0 1 0 0 0 0 1 0 1 0 1 0 1 0 0 1 0 0
-0.154896228 0 0 0 1 0 0 0 0 0 1 0 0 0 0 1 0 1 0 0 1 1 0 0 1 0 0
-0.154896228 0 0 0 0 0 1 0 1 0 0 0 0 1 0 0 0 1 0 0 1 1 0 0 1 0 0
-0.154896228 0 1 0 0 0 0 0 1 0 0 0 0 0 1 0 0 1 0 0 1 1 0 0 1 0 0
-0.154896228 0 0 0 0 0 1 0 0 1 0 0 0 1 0 0 0 1 1 0 0 1 0 0 0 0 0
-0.154896228 0 0 1 0 0 0 0 0 1 0 0 0 0 1 0 0 1 0 1 0 1 0 0 1 0 0
-0.154896228 0 1 0 0 0 0 0 0 1 0 0 0 0 1 0 0 0 0 0 1 1 0 0 0 0 0
-0.154896228 0 1 0 0 0 0 0 0 1 0 0 0 0 1 0 0 1 0 0 1 1 0 0 1 0 0
-0.154896228 0 0 1 0 0 0 0 0 0 1 0 0 0 1 0 0 1 0 1 0 1 0 0 0 0 0
-0.154896228 0 0 0 0 1 0 0 0 1 0 0 0 0 0 1 0 1 0 0 1 1 0 0 0 0 0
-0.154896228 0 0 1 0 0 0 0 0 0 1 0 0 0 0 1 0 1 0 1 0 1 0 0 1 0 0
-0.154896228 0 1 0 0 0 0 0 1 0 0 0 0 0 1 0 0 1 0 0 1 1 0 0 1 0 0
-0.154896228 0 0 1 0 0 0 0 0 0 1 0 0 0 0 1 0 1 0 0 1 1 0 0 1 0 0
-0.154896228 0 0 0 1 0 0 0 0 1 0 0 0 0 1 0 0 1 0 0 1 1 0 0 1 0 0
-0.154896228 0 0 0 0 0 1 0 0 1 0 0 0 1 0 0 0 1 0 1 0 1 0 0 0 0 0
-0.154896228 0 1 0 0 0 0 0 0 1 0 0 0 0 1 0 0 1 0 1 0 1 0 0 1 0 0
-0.154896228 0 0 0 0 0 1 0 0 1 0 0 0 1 0 0 0 1 1 0 0 1 0 0 1 0 0
-0.154896228 0 1 0 0 0 0 0 0 1 0 0 0 0 1 0 0 1 0 0 1 1 0 0 0 0 0
-0.154896228 0 0 0 0 1 0 0 0 1 0 0 0 0 0 1 0 1 0 0 1 1 0 0 0 0 0
-0.154896228 0 0 1 0 0 0 0 1 0 0 0 0 0 1 0 0 1 0 1 0 1 0 0 0 0 0
-0.154896228 0 0 1 0 0 0 0 0 0 1 0 0 0 0 1 0 0 0 0 1 1 0 0 0 0 0
-0.154896228 0 0 1 0 0 0 0 1 0 0 0 0 0 0 0 1 0 0 0 1 1 0 0 1 0 0
-0.154896228 0 0 0 0 0 1 0 0 0 0 0 1 1 0 0 0 1 0 0 1 1 0 0 1 1 0
-0.154896228 0 1 0 0 0 0 0 1 0 0 0 0 0 1 0 0 1 0 1 0 1 0 0 1 0 0
-0.154896228 0 0 0 0 0 1 0 0 1 0 0 0 1 0 0 0 1 0 1 0 1 0 0 1 0 0
-0.154896228 0 0 0 0 0 1 0 0 0 1 0 0 1 0 0 0 1 1 0 0 1 0 0 0 0 0
-0.154896228 0 0 0 0 1 0 0 0 1 0 0 0 0 0 1 0 0 0 1 0 1 0 0 0 0 0
-0.154896228 1 0 0 0 0 0 1 0 0 0 0 0 0 1 0 0 1 0 1 0 1 0 0 0 0 0
-0.154896228 0 0 1 0 0 0 0 0 1 0 0 0 0 0 1 0 1 0 1 0 1 0 0 0 0 0
-0.154896228 0 0 0 1 0 0 0 0 0 0 1 0 0 0 0 1 0 0 0 1 1 0 0 0 0 0
-0.154896228 1 0 0 0 0 0 1 0 0 0 0 0 0 1 0 0 1 0 1 0 1 0 0 1 0 0
-0.154896228 0 1 0 0 0 0 0 0 0 0 1 0 0 1 0 0 1 0 0 1 1 0 0 0 0 0
-0.154896228 1 0 0 0 0 0 1 0 0 0 0 0 0 1 0 0 1 0 0 1 1 0 0 1 0 0
-0.154896228 0 0 0 0 0 1 0 1 0 0 0 0 1 0 0 0 1 0 1 0 1 0 0 1 0 0
-0.154896228 0 0 0 0 0 1 0 1 0 0 0 0 1 0 0 0 1 0 0 1 1 0 0 0 0 0
-0.154896228 0 0 0 0 1 0 0 1 0 0 0 0 0 0 1 0 1 0 1 0 1 0 0 0 0 0
-0.154896228 0 0 0 0 0 1 0 0 1 0 0 0 1 0 0 0 1 1 0 0 1 0 0 0 0 0
-0.154896228 0 0 1 0 0 0 0 0 0 1 0 0 0 0 1 0 1 0 0 1 1 0 0 0 0 0
-0.154896228 0 0 0 1 0 0 0 0 0 0 0 1 0 0 1 0 0 0 0 1 1 0 0 0 0 1
-0.154896228 0 0 0 0 1 0 0 0 0 0 1 0 0 1 0 0 1 0 1 0 1 0 0 0 0 0
-0.154896228 1 0 0 0 0 0 1 0 0 0 0 0 0 1 0 0 1 0 0 1 1 0 0 1 0 0
-0.154896228 0 0 0 0 0 1 0 1 0 0 0 0 1 0 0 0 1 0 1 0 1 0 0 1 0 0
-0.154896228 1 0 0 0 0 0 1 0 0 0 0 0 0 1 0 0 1 0 1 0 1 0 0 0 0 0
-0.154896228 0 0 1 0 0 0 0 0 0 1 0 0 0 0 1 0 1 0 1 0 1 0 0 0 0 0
-0.154896228 0 0 0 0 1 0 0 0 0 0 0 1 0 0 1 0 1 0 1 0 1 0 0 0 0 0
-0.154896228 0 0 0 1 0 0 0 0 0 0 1 0 0 1 0 0 0 0 1 0 1 0 0 0 0 0
-0.154896228 1 0 0 0 0 0 1 0 0 0 0 0 0 0 1 0 1 0 0 1 1 0 0 1 0 0
-0.154896228 0 0 0 0 0 1 0 0 1 0 0 0 1 0 0 0 1 0 1 0 1 0 0 0 1 0
-0.154896228 0 0 0 0 0 1 0 1 0 0 0 0 1 0 0 0 1 0 1 0 1 0 0 1 0 0
-0.154896228 1 0 0 0 0 0 1 0 0 0 0 0 0 1 0 0 1 1 0 0 1 0 0 0 0 0
-0.154896228 0 0 1 0 0 0 0 0 1 0 0 0 0 0 1 0 0 0 1 0 1 0 0 0 0 0
-0.154896228 0 0 0 1 0 0 0 0 0 0 0 1 0 0 1 0 0 0 1 0 1 0 0 0 0 0
-0.154896228 0 0 0 0 1 0 0 0 0 0 1 0 0 1 0 0 1 0 0 1 1 0 0 0 0 0
-0.154896228 0 1 0 0 0 0 0 1 0 0 0 0 0 1 0 0 1 0 0 1 1 0 0 1 0 0
-0.154896228 0 1 0 0 0 0 0 0 1 0 0 0 0 1 0 0 1 0 0 1 1 0 0 0 0 0
-0.154896228 0 0 0 0 0 1 0 1 0 0 0 0 1 0 0 0 1 1 0 0 1 0 0 0 0 0
-0.154896228 1 0 0 0 0 0 1 0 0 0 0 0 0 0 1 0 1 1 0 0 1 0 0 0 0 0
-0.154896228 0 0 0 0 1 0 0 0 0 0 0 1 0 0 1 0 1 0 1 0 1 0 0 0 0 0
-0.154896228 0 0 1 0 0 0 0 0 0 0 1 0 0 0 1 0 0 0 0 1 1 0 0 0 0 0
-0.154896228 0 1 0 0 0 0 0 1 0 0 0 0 0 1 0 0 1 0 1 0 1 0 0 1 0 0
-0.154896228 0 0 0 0 0 1 0 0 1 0 0 0 1 0 0 0 1 0 0 1 1 0 0 0 0 0
-0.154896228 0 0 0 0 0 1 0 1 0 0 0 0 1 0 0 0 1 0 1 0 1 0 0 1 0 0
-0.154896228 1 0 0 0 0 0 1 0 0 0 0 0 0 1 0 0 1 0 0 1 1 0 0 1 0 0
-0.154896228 0 0 0 0 0 1 0 0 1 0 0 0 1 0 0 0 1 0 0 1 1 0 0 1 1 0
-0.154896228 0 0 0 0 0 1 0 1 0 0 0 0 1 0 0 0 1 0 0 1 1 0 0 0 0 0
3.147491346 0 0 0 0 1 0 0 0 0 1 0 0 0 0 1 0 0 0 0 1 1 0 0 0 0 1
3.147491346 0 0 0 1 0 0 0 0 0 0 1 0 0 0 1 0 1 0 0 1 1 0 0 0 0 0
-0.154896228 0 0 0 0 0 1 0 0 1 0 0 0 1 0 0 0 1 0 1 0 1 0 0 0 0 0
-0.154896228 0 0 0 0 0 1 0 1 0 0 0 0 1 0 0 0 1 0 1 0 1 0 0 1 0 0
-0.154896228 0 0 0 0 0 1 0 0 1 0 0 0 1 0 0 0 1 0 0 1 1 0 0 1 1 0
-0.154896228 0 0 0 0 0 1 0 1 0 0 0 0 1 0 0 0 1 0 0 1 1 0 0 0 0 0
-0.154896228 0 0 0 0 1 0 0 0 0 1 0 0 0 0 1 0 0 0 0 1 1 0 0 0 0 0
-0.154896228 0 0 0 1 0 0 0 0 0 0 1 0 0 0 1 0 1 0 0 1 1 0 0 0 0 0
-0.154896228 0 0 0 0 0 1 0 0 1 0 0 0 1 0 0 0 1 0 0 1 1 0 0 0 0 0
-0.154896228 0 0 0 0 0 1 0 1 0 0 0 0 1 0 0 0 1 0 0 1 1 0 0 1 0 0
-0.154896228 0 0 0 0 0 1 0 0 1 0 0 0 1 0 0 0 1 0 0 1 1 0 0 1 1 0
-0.154896228 1 0 0 0 0 0 1 0 0 0 0 0 0 1 0 0 1 0 0 1 1 0 0 1 0 0
-0.154896228 0 0 0 0 1 0 0 0 0 1 0 0 0 0 1 0 0 0 1 0 0 0 1 0 0 0
-0.154896228 0 0 0 1 0 0 0 0 0 0 1 0 0 1 0 0 0 0 1 0 0 1 0 0 0 0
-0.154896228 0 0 0 0 0 1 0 0 1 0 0 0 1 0 0 0 1 0 1 0 1 0 0 0 0 0
-0.154896228 0 0 0 0 0 1 0 1 0 0 0 0 1 0 0 0 1 0 1 0 1 0 0 1 0 0
-0.154896228 0 1 0 0 0 0 0 0 1 0 0 0 0 0 1 0 1 0 0 1 1 0 0 1 0 0
-0.154896228 0 0 0 0 1 0 0 0 0 1 0 0 0 0 1 0 1 0 1 0 1 0 0 0 0 0
-0.154896228 0 0 0 1 0 0 0 0 0 0 1 0 0 1 0 0 0 0 1 0 1 0 0 0 0 0
-0.154896228 0 0 0 0 0 1 0 0 1 0 0 0 1 0 0 0 1 0 0 1 1 0 0 0 0 0
-0.154896228 0 0 0 0 0 1 0 1 0 0 0 0 1 0 0 0 1 0 0 1 1 0 0 1 0 0
-0.154896228 0 0 1 0 0 0 0 0 1 0 0 0 0 0 1 0 1 0 0 1 1 0 0 1 0 0
-0.154896228 0 0 0 0 1 0 0 0 0 1 0 0 0 0 1 0 1 0 1 0 1 0 0 0 0 0
-0.154896228 0 0 0 1 0 0 0 0 0 1 0 0 0 1 0 0 1 0 1 0 1 0 0 0 0 0
-0.154896228 0 0 0 0 0 1 0 0 1 0 0 0 1 0 0 0 1 0 0 1 1 0 0 0 0 0
-0.154896228 0 0 1 0 0 0 0 0 1 0 0 0 0 0 1 0 1 0 0 1 1 0 0 0 0 0
-0.154896228 0 1 0 0 0 0 0 1 0 0 0 0 0 1 0 0 1 0 1 0 1 0 0 1 0 0
-0.154896228 1 0 0 0 0 0 1 0 0 0 0 0 0 1 0 0 1 0 0 1 1 0 0 1 0 0
-0.154896228 0 0 0 0 1 0 0 0 0 1 0 0 0 0 1 0 0 0 1 0 1 0 0 0 0 0
-0.154896228 0 0 0 0 0 1 0 0 1 0 0 0 1 0 0 0 1 0 0 1 1 0 0 0 0 0
-0.154896228 0 0 1 0 0 0 0 0 0 1 0 0 0 1 0 0 1 0 0 1 1 0 0 0 0 0
-0.154896228 1 0 0 0 0 0 1 0 0 0 0 0 0 1 0 0 1 0 0 1 1 0 0 1 0 0
-0.154896228 1 0 0 0 0 0 1 0 0 0 0 0 0 1 0 0 1 0 1 0 1 0 0 1 0 0
-0.154896228 1 0 0 0 0 0 1 0 0 0 0 0 0 1 0 0 1 0 1 0 1 0 0 1 0 0
-0.154896228 1 0 0 0 0 0 1 0 0 0 0 0 0 0 1 0 1 0 0 1 1 0 0 1 0 0
-0.154896228 0 0 0 1 0 0 0 0 1 0 0 0 0 1 0 0 1 1 0 0 1 0 0 0 0 0
-0.154896228 0 0 1 0 0 0 0 0 0 1 0 0 0 0 1 0 1 0 0 1 1 0 0 0 0 0
-0.154896228 0 0 0 0 0 1 0 1 0 0 0 0 1 0 0 0 1 0 0 1 1 0 0 1 0 0
-0.154896228 0 1 0 0 0 0 0 1 0 0 0 0 0 1 0 0 1 0 0 1 1 0 0 1 0 0
-0.154896228 1 0 0 0 0 0 1 0 0 0 0 0 0 1 0 0 1 0 0 1 1 0 0 1 0 0
-0.154896228 0 0 0 0 0 1 0 0 1 0 0 0 1 0 0 0 1 0 1 0 1 0 0 0 1 0
-0.154896228 0 0 0 0 0 1 0 1 0 0 0 0 1 0 0 0 0 0 1 0 1 0 0 0 0 0
-0.154896228 0 1 0 0 0 0 0 0 1 0 0 0 0 1 0 0 1 0 0 1 1 0 0 1 0 0
-0.154896228 0 0 1 0 0 0 0 0 0 1 0 0 0 0 1 0 1 0 0 1 1 0 0 0 0 0
-0.154896228 0 0 0 0 0 1 0 1 0 0 0 0 1 0 0 0 1 0 1 0 1 0 0 1 0 0
-0.154896228 1 0 0 0 0 0 1 0 0 0 0 0 0 1 0 0 1 0 1 0 1 0 0 1 0 0
-0.154896228 0 1 0 0 0 0 0 1 0 0 0 0 0 1 0 0 1 0 1 0 1 0 0 1 0 0
-0.154896228 0 0 0 0 0 1 0 0 1 0 0 0 1 0 0 0 1 0 1 0 1 0 0 0 1 0
-0.154896228 1 0 0 0 0 0 1 0 0 0 0 0 0 0 1 0 1 0 0 1 1 0 0 1 0 0
-0.154896228 0 0 0 0 0 1 0 0 1 0 0 0 1 0 0 0 1 0 1 0 1 0 0 1 1 0
-0.154896228 0 0 0 0 0 1 0 0 0 1 0 0 1 0 0 0 1 0 1 0 1 0 0 1 0 0
-0.154896228 0 1 0 0 0 0 0 0 0 1 0 0 0 1 0 0 1 0 1 0 1 0 0 0 0 0
-0.154896228 1 0 0 0 0 0 1 0 0 0 0 0 0 1 0 0 1 0 0 1 1 0 0 1 0 0
-0.154896228 1 0 0 0 0 0 1 0 0 0 0 0 0 0 1 0 1 0 0 1 1 0 0 1 0 0
-0.154896228 1 0 0 0 0 0 1 0 0 0 0 0 0 1 0 0 1 0 0 1 1 0 0 1 0 0
-0.154896228 0 0 0 0 0 1 0 0 1 0 0 0 1 0 0 0 1 0 0 1 1 0 0 0 1 0
-0.154896228 0 1 0 0 0 0 0 1 0 0 0 0 0 1 0 0 1 0 0 1 1 0 0 1 0 0
-0.154896228 0 1 0 0 0 0 0 0 1 0 0 0 0 1 0 0 1 0 0 1 1 0 0 1 0 0
-0.154896228 0 0 0 0 0 1 0 0 0 1 0 0 1 0 0 0 1 0 0 1 1 0 0 1 0 0
-0.154896228 0 0 0 1 0 0 0 0 0 1 0 0 0 1 0 0 1 0 0 1 1 0 0 0 0 0
-0.154896228 1 0 0 0 0 0 1 0 0 0 0 0 0 1 0 0 1 0 0 1 1 0 0 1 0 0
-0.154896228 0 0 0 0 0 1 0 0 1 0 0 0 1 0 0 0 1 0 1 0 1 0 0 0 1 0
-0.154896228 0 1 0 0 0 0 0 1 0 0 0 0 0 1 0 0 1 0 1 0 1 0 0 1 0 0
-0.154896228 0 0 0 0 0 1 0 0 1 0 0 0 1 0 0 0 1 0 0 1 1 0 0 1 0 0
-0.154896228 0 1 0 0 0 0 0 0 0 1 0 0 0 1 0 0 1 0 1 0 1 0 0 0 0 0
-0.154896228 0 1 0 0 0 0 0 1 0 0 0 0 0 1 0 0 1 0 0 1 1 0 0 1 0 0
-0.154896228 0 0 0 0 0 1 0 0 1 0 0 0 1 0 0 0 1 0 1 0 1 0 0 0 1 0
-0.154896228 0 0 0 0 0 1 0 1 0 0 0 0 1 0 0 0 1 1 0 0 1 0 0 1 0 0
-0.154896228 0 0 0 0 0 1 0 0 1 0 0 0 1 0 0 0 1 1 0 0 1 0 0 1 0 0
-0.154896228 0 1 0 0 0 0 0 0 1 0 0 0 0 0 1 0 1 0 0 1 1 0 0 1 0 0
-0.154896228 0 0 0 0 0 1 0 0 0 1 0 0 1 0 0 0 1 0 0 1 1 0 0 0 1 0
-0.154896228 1 0 0 0 0 0 1 0 0 0 0 0 0 0 1 0 1 0 1 0 1 0 0 1 0 0
-0.154896228 0 0 0 0 0 1 0 0 1 0 0 0 1 0 0 0 1 0 1 0 1 0 0 1 0 0
-0.154896228 1 0 0 0 0 0 1 0 0 0 0 0 0 1 0 0 0 0 1 0 1 0 0 0 0 0
-0.154896228 0 1 0 0 0 0 0 0 1 0 0 0 0 1 0 0 1 0 1 0 1 0 0 1 0 0
-0.154896228 0 1 0 0 0 0 0 0 0 1 0 0 0 1 0 0 1 0 0 1 1 0 0 0 0 0
-0.154896228 1 0 0 0 0 0 1 0 0 0 0 0 0 1 0 0 0 0 1 0 1 0 0 1 0 0
-0.154896228 0 0 0 0 0 1 0 0 1 0 0 0 1 0 0 0 1 0 1 0 1 0 0 1 0 0
-0.154896228 0 0 0 0 0 1 0 1 0 0 0 0 1 0 0 0 1 0 1 0 1 0 0 1 0 0
-0.154896228 0 1 0 0 0 0 0 1 0 0 0 0 0 1 0 0 1 0 0 1 1 0 0 1 0 0
-0.154896228 1 0 0 0 0 0 1 0 0 0 0 0 0 1 0 0 1 0 0 1 1 0 0 1 0 0
-0.154896228 0 1 0 0 0 0 0 0 1 0 0 0 0 1 0 0 0 0 1 0 1 0 0 1 0 0
-0.154896228 0 0 0 0 0 1 0 0 0 1 0 0 1 0 0 0 1 0 1 0 1 0 0 0 0 0
-0.154896228 1 0 0 0 0 0 1 0 0 0 0 0 0 1 0 0 1 1 0 0 1 0 0 1 0 0
-0.154896228 0 0 0 0 0 1 0 0 1 0 0 0 1 0 0 0 1 0 1 0 1 0 0 1 0 0
-0.154896228 1 0 0 0 0 0 1 0 0 0 0 0 0 1 0 0 1 0 0 1 1 0 0 1 0 0
-0.154896228 0 0 0 0 0 1 0 1 0 0 0 0 1 0 0 0 1 0 1 0 1 0 0 1 0 0
-0.154896228 0 1 0 0 0 0 0 1 0 0 0 0 0 1 0 0 1 0 1 0 1 0 0 1 0 0
-0.154896228 0 0 0 0 0 1 0 0 0 1 0 0 1 0 0 0 1 0 1 0 1 0 0 0 0 0
-0.154896228 0 0 0 0 0 1 0 0 0 0 1 0 1 0 0 0 1 0 0 1 1 0 0 1 0 0
-0.154896228 1 0 0 0 0 0 1 0 0 0 0 0 0 1 0 0 1 1 0 0 1 0 0 1 0 0
-0.154896228 0 0 0 0 0 1 0 1 0 0 0 0 1 0 0 0 1 1 0 0 1 0 0 1 0 0
-0.154896228 0 0 0 0 0 1 0 0 1 0 0 0 1 0 0 0 1 0 1 0 1 0 0 1 0 0
-0.154896228 0 1 0 0 0 0 0 1 0 0 0 0 0 1 0 0 1 0 0 1 1 0 0 1 0 0
-0.154896228 0 0 0 0 0 1 0 0 0 1 0 0 1 0 0 0 1 0 0 1 1 0 0 0 0 0
-0.154896228 0 0 0 0 0 1 0 0 0 0 1 0 1 0 0 0 1 0 1 0 1 0 0 1 0 0
-0.154896228 1 0 0 0 0 0 1 0 0 0 0 0 0 1 0 0 1 0 0 1 1 0 0 1 0 0
-0.154896228 0 0 0 0 0 1 0 0 1 0 0 0 1 0 0 0 1 0 1 0 1 0 0 1 0 0
-0.154896228 0 1 0 0 0 0 0 1 0 0 0 0 0 1 0 0 1 0 1 0 1 0 0 1 0 0
-0.154896228 1 0 0 0 0 0 1 0 0 0 0 0 0 1 0 0 1 1 0 0 1 0 0 0 0 0
-0.154896228 0 0 0 0 0 1 0 0 1 0 0 0 1 0 0 0 1 0 1 0 1 0 0 1 0 0
-0.154896228 0 1 0 0 0 0 0 0 1 0 0 0 0 1 0 0 0 0 1 0 1 0 0 1 0 0
-0.154896228 1 0 0 0 0 0 1 0 0 0 0 0 0 1 0 0 1 0 0 1 1 0 0 1 0 0
-0.154896228 0 1 0 0 0 0 0 0 1 0 0 0 0 1 0 0 1 0 1 0 1 0 0 1 0 0
-0.154896228 1 0 0 0 0 0 1 0 0 0 0 0 0 1 0 0 1 0 1 0 1 0 0 0 0 0
-0.154896228 0 0 0 0 0 1 0 0 1 0 0 0 1 0 0 0 1 0 0 1 1 0 0 1 0 0
-0.154896228 0 1 0 0 0 0 0 0 1 0 0 0 0 1 0 0 0 0 0 1 1 0 0 1 0 0
-0.154896228 1 0 0 0 0 0 1 0 0 0 0 0 0 1 0 0 0 0 0 1 1 0 0 1 0 0
-0.154896228 0 1 0 0 0 0 0 0 1 0 0 0 0 1 0 0 1 0 0 1 1 0 0 1 0 0
-0.154896228 1 0 0 0 0 0 1 0 0 0 0 0 0 1 0 0 1 0 1 0 1 0 0 1 0 0
-0.154896228 0 0 0 0 0 1 0 0 1 0 0 0 1 0 0 0 1 0 0 1 1 0 0 1 1 0
-0.154896228 0 0 0 0 0 1 0 0 0 1 0 0 1 0 0 0 1 0 0 1 1 0 0 1 1 0
-0.154896228 0 0 0 0 0 1 0 0 0 1 0 0 1 0 0 0 1 0 0 1 1 0 0 1 1 0
-0.154896228 0 0 0 0 0 1 0 0 0 1 0 0 1 0 0 0 1 0 1 0 1 0 0 1 1 0
-0.154896228 0 0 0 0 0 1 0 0 0 1 0 0 1 0 0 0 1 0 1 0 1 0 0 1 1 0
-0.154896228 0 0 0 0 0 1 0 0 1 0 0 0 1 0 0 0 1 0 0 1 1 0 0 1 0 0
-0.154896228 0 0 1 0 0 0 0 0 0 1 0 0 0 0 1 0 1 0 0 1 1 0 0 0 0 0
-0.154896228 0 0 0 0 0 1 0 0 1 0 0 0 1 0 0 0 1 0 1 0 1 0 0 1 0 0
-0.154896228 0 0 1 0 0 0 0 1 0 0 0 0 0 1 0 0 1 0 1 0 1 0 0 1 0 0
3.147491346 0 0 1 0 0 0 0 0 0 1 0 0 0 0 1 0 1 0 0 1 1 0 0 1 0 0
-0.154896228 0 1 0 0 0 0 0 0 0 1 0 0 0 1 0 0 1 0 0 1 1 0 0 1 0 0
-0.154896228 0 0 0 0 0 1 0 0 1 0 0 0 1 0 0 0 1 0 1 0 1 0 0 1 1 0
-0.154896228 0 0 0 0 0 1 0 0 1 0 0 0 1 0 0 0 1 0 1 0 1 0 0 1 1 0
-0.154896228 0 1 0 0 0 0 0 0 1 0 0 0 0 1 0 0 1 0 0 1 1 0 0 1 0 0
-0.154896228 1 0 0 0 0 0 1 0 0 0 0 0 0 1 0 0 1 0 0 1 1 0 0 1 0 0
-0.154896228 0 0 0 0 0 1 0 0 1 0 0 0 1 0 0 0 1 0 1 0 1 0 0 1 1 0
-0.154896228 0 0 0 0 0 1 0 0 1 0 0 0 1 0 0 0 1 0 0 1 1 0 0 1 0 0
-0.154896228 0 0 1 0 0 0 0 0 0 1 0 0 0 0 1 0 1 0 0 1 1 0 0 0 0 0
-0.154896228 0 0 0 0 0 1 0 0 1 0 0 0 1 0 0 0 1 0 1 0 1 0 0 1 0 0
-0.154896228 0 0 1 0 0 0 0 1 0 0 0 0 0 1 0 0 1 0 0 1 1 0 0 1 0 0
3.147491346 0 0 1 0 0 0 0 0 0 1 0 0 0 0 1 0 1 0 0 1 1 0 0 0 0 0
-0.154896228 0 1 0 0 0 0 0 0 0 1 0 0 0 1 0 0 1 0 0 1 1 0 0 1 0 0
-0.154896228 0 0 0 0 0 1 0 0 1 0 0 0 1 0 0 0 1 0 1 0 1 0 0 1 1 0
-0.154896228 0 0 0 0 0 1 0 0 1 0 0 0 1 0 0 0 1 0 1 0 1 0 0 1 1 0
-0.154896228 0 0 0 0 0 1 0 0 1 0 0 0 1 0 0 0 1 0 1 0 1 0 0 1 0 0
-0.154896228 0 0 0 0 0 1 0 0 1 0 0 0 1 0 0 0 1 0 0 1 1 0 0 1 1 0
-0.154896228 0 0 1 0 0 0 0 0 0 0 1 0 0 1 0 0 1 0 0 1 1 0 0 0 0 0
-0.154896228 0 0 0 0 0 1 0 0 1 0 0 0 1 0 0 0 1 0 1 0 1 0 0 1 0 0
-0.154896228 0 1 0 0 0 0 0 1 0 0 0 0 0 1 0 0 0 0 1 0 1 0 0 1 0 0
3.147491346 0 0 1 0 0 0 0 0 1 0 0 0 0 1 0 0 0 0 1 0 0 1 0 0 0 0
-0.154896228 0 1 0 0 0 0 0 1 0 0 0 0 0 1 0 0 1 0 1 0 1 0 0 1 0 0
-0.154896228 0 0 0 0 0 1 0 0 1 0 0 0 1 0 0 0 1 0 0 1 1 0 0 1 1 0
-0.154896228 0 0 0 0 0 1 0 0 1 0 0 0 1 0 0 0 1 0 0 1 1 0 0 1 1 0
-0.154896228 0 1 0 0 0 0 0 0 1 0 0 0 0 1 0 0 1 0 0 1 1 0 0 1 0 0
-0.154896228 0 0 0 0 1 0 0 0 0 1 0 0 0 0 1 0 1 0 0 1 1 0 0 1 0 0
-0.154896228 0 0 0 1 0 0 0 0 1 0 0 0 0 1 0 0 1 0 1 0 1 0 0 0 0 0
-0.154896228 0 0 0 0 0 1 0 0 1 0 0 0 1 0 0 0 1 0 1 0 1 0 0 1 0 0
-0.154896228 0 0 1 0 0 0 0 1 0 0 0 0 0 1 0 0 1 0 1 0 1 0 0 1 0 0
-0.154896228 0 1 0 0 0 0 0 0 1 0 0 0 0 1 0 0 0 0 1 0 0 0 1 0 0 0
-0.154896228 0 0 0 0 0 1 0 0 1 0 0 0 1 0 0 0 1 1 0 0 1 0 0 1 0 0
-0.154896228 0 0 1 0 0 0 0 0 1 0 0 0 0 1 0 0 1 1 0 0 1 0 0 1 0 0
-0.154896228 0 1 0 0 0 0 0 0 1 0 0 0 0 1 0 0 1 0 0 1 1 0 0 1 0 0
-0.154896228 0 0 1 0 0 0 0 0 0 1 0 0 0 0 1 0 0 0 0 1 1 0 0 1 0 0
-0.154896228 0 1 0 0 0 0 0 0 0 1 0 0 0 1 0 0 1 0 0 1 1 0 0 0 0 0
-0.154896228 0 0 0 0 0 1 0 0 1 0 0 0 1 0 0 0 1 0 1 0 1 0 0 0 1 0
-0.154896228 0 0 0 0 0 1 0 0 1 0 0 0 1 0 0 0 1 0 1 0 1 0 0 1 0 0
-0.154896228 0 1 0 0 0 0 0 1 0 0 0 0 0 1 0 0 1 0 1 0 1 0 0 1 0 0
-0.154896228 0 0 0 0 0 1 0 0 1 0 0 0 1 0 0 0 1 1 0 0 0 1 0 0 0 0
-0.154896228 0 1 0 0 0 0 0 0 1 0 0 0 0 1 0 0 1 0 0 1 1 0 0 1 0 0
-0.154896228 0 1 0 0 0 0 0 0 1 0 0 0 0 1 0 0 1 0 0 1 1 0 0 1 0 0
-0.154896228 0 0 1 0 0 0 0 0 0 0 0 1 0 0 1 0 0 0 0 1 1 0 0 0 0 0
-0.154896228 0 0 0 1 0 0 0 0 0 1 0 0 0 0 1 0 1 0 0 1 1 0 0 0 0 0
-0.154896228 0 0 0 0 0 1 0 0 1 0 0 0 1 0 0 0 1 0 1 0 1 0 0 0 1 0
-0.154896228 0 1 0 0 0 0 0 1 0 0 0 0 0 1 0 0 1 0 0 1 1 0 0 1 0 0
-0.154896228 0 0 0 0 0 1 0 0 1 0 0 0 1 0 0 0 1 0 0 1 1 0 0 1 0 0
-0.154896228 0 1 0 0 0 0 0 1 0 0 0 0 0 1 0 0 1 0 1 0 1 0 0 1 0 0
-0.154896228 0 0 0 0 0 1 0 0 1 0 0 0 1 0 0 0 1 0 0 1 1 0 0 0 0 0
-0.154896228 0 1 0 0 0 0 0 0 1 0 0 0 0 1 0 0 1 0 1 0 1 0 0 1 0 0
-0.154896228 0 1 0 0 0 0 0 0 1 0 0 0 0 1 0 0 1 0 1 0 1 0 0 1 0 0
-0.154896228 0 0 1 0 0 0 0 0 0 0 0 1 0 0 1 0 0 0 0 1 1 0 0 0 0 0
-0.154896228 0 0 0 1 0 0 0 0 0 1 0 0 0 0 1 0 1 0 1 0 1 0 0 0 0 0
-0.154896228 0 0 0 0 0 1 0 0 1 0 0 0 1 0 0 0 1 0 0 1 1 0 0 0 1 0
-0.154896228 0 1 0 0 0 0 0 1 0 0 0 0 0 1 0 0 1 0 0 1 1 0 0 1 0 0
-0.154896228 1 0 0 0 0 0 1 0 0 0 0 0 0 1 0 0 1 0 0 1 1 0 0 1 0 0
-0.154896228 1 0 0 0 0 0 1 0 0 0 0 0 0 1 0 0 1 0 1 0 1 0 0 1 0 0
-0.154896228 0 0 0 0 0 1 0 0 1 0 0 0 1 0 0 0 1 0 1 0 1 0 0 1 0 0
-0.154896228 0 0 0 0 0 1 0 1 0 0 0 0 1 0 0 0 1 1 0 0 1 0 0 1 0 0
-0.154896228 0 0 0 0 0 1 0 0 1 0 0 0 1 0 0 0 1 0 1 0 1 0 0 0 0 0
-0.154896228 0 0 0 0 0 1 0 0 1 0 0 0 1 0 0 0 1 1 0 0 1 0 0 1 0 0
-0.154896228 0 0 0 0 0 1 0 0 1 0 0 0 1 0 0 0 1 0 1 0 1 0 0 1 0 0
-0.154896228 0 0 1 0 0 0 0 0 0 1 0 0 0 0 1 0 0 0 1 0 1 0 0 0 0 0
-0.154896228 0 0 1 0 0 0 0 0 1 0 0 0 0 0 1 0 0 0 0 1 1 0 0 0 0 0
-0.154896228 0 0 0 0 0 1 0 0 1 0 0 0 1 0 0 0 1 0 1 0 1 0 0 0 1 0
-0.154896228 0 1 0 0 0 0 0 1 0 0 0 0 0 1 0 0 1 0 1 0 1 0 0 1 0 0
-0.154896228 0 0 1 0 0 0 0 1 0 0 0 0 0 1 0 0 1 0 0 1 1 0 0 1 0 0
6.44987892 0 0 1 0 0 0 0 0 1 0 0 0 0 1 0 0 1 0 0 1 1 0 0 1 0 0
-0.154896228 0 0 0 0 0 1 0 0 1 0 0 0 1 0 0 0 1 0 1 0 1 0 0 0 0 0
-0.154896228 0 0 0 0 0 1 0 0 1 0 0 0 1 0 0 0 1 0 1 0 1 0 0 1 0 0
-0.154896228 0 0 0 0 0 1 0 0 1 0 0 0 1 0 0 0 1 1 0 0 1 0 0 1 0 0
-0.154896228 0 0 1 0 0 0 0 0 1 0 0 0 0 1 0 0 1 0 1 0 1 0 0 0 0 0
-0.154896228 0 0 1 0 0 0 0 0 1 0 0 0 0 1 0 0 1 0 1 0 1 0 0 0 0 0
-0.154896228 0 0 0 0 0 1 0 0 1 0 0 0 1 0 0 0 1 0 1 0 1 0 0 0 1 0
-0.154896228 0 0 1 0 0 0 0 0 1 0 0 0 0 1 0 0 1 0 0 1 1 0 0 1 0 0
-0.154896228 0 0 0 1 0 0 0 0 1 0 0 0 0 1 0 0 0 0 0 1 0 0 1 1 0 0
-0.154896228 1 0 0 0 0 0 1 0 0 0 0 0 0 1 0 0 1 0 0 1 1 0 0 1 0 0
-0.154896228 0 0 0 0 0 1 0 0 1 0 0 0 1 0 0 0 1 0 0 1 1 0 0 0 0 0
-0.154896228 0 0 0 0 0 1 0 0 1 0 0 0 1 0 0 0 1 0 1 0 1 0 0 1 0 0
-0.154896228 0 0 0 0 0 1 0 0 1 0 0 0 1 0 0 0 1 0 1 0 1 0 0 1 0 0
-0.154896228 0 0 1 0 0 0 0 0 0 0 0 1 0 0 1 0 0 0 1 0 1 0 0 0 0 0
-0.154896228 0 1 0 0 0 0 0 0 1 0 0 0 0 1 0 0 1 0 1 0 1 0 0 0 0 0
-0.154896228 0 0 0 0 0 1 0 0 1 0 0 0 1 0 0 0 1 0 0 1 1 0 0 0 1 0
-0.154896228 1 0 0 0 0 0 1 0 0 0 0 0 0 1 0 0 1 0 0 1 1 0 0 1 0 0
-0.154896228 0 0 1 0 0 0 0 0 0 1 0 0 0 0 1 0 1 0 0 1 1 0 0 1 0 0
-0.154896228 0 1 0 0 0 0 0 0 1 0 0 0 0 1 0 0 0 0 1 0 0 1 0 1 0 0
-0.154896228 0 0 1 0 0 0 0 1 0 0 0 0 0 1 0 0 1 0 0 1 1 0 0 1 0 0
-0.154896228 0 0 0 0 0 1 0 0 1 0 0 0 1 0 0 0 1 0 1 0 1 0 0 0 0 0
-0.154896228 0 0 0 0 0 1 0 0 1 0 0 0 1 0 0 0 1 0 1 0 1 0 0 1 0 0
-0.154896228 0 0 0 0 0 1 0 0 1 0 0 0 1 0 0 0 1 0 0 1 1 0 0 1 0 0
-0.154896228 0 0 1 0 0 0 0 0 0 0 0 1 0 0 1 0 0 0 1 0 1 0 0 0 0 0
-0.154896228 0 1 0 0 0 0 0 0 1 0 0 0 0 1 0 0 1 0 1 0 1 0 0 0 0 0
-0.154896228 0 0 0 0 0 1 0 0 1 0 0 0 1 0 0 0 1 0 0 1 1 0 0 0 1 0
-0.154896228 1 0 0 0 0 0 1 0 0 0 0 0 0 1 0 0 1 1 0 0 1 0 0 1 0 0
-0.154896228 0 0 1 0 0 0 0 0 0 1 0 0 0 0 1 0 1 0 0 1 1 0 0 0 0 0
-0.154896228 0 1 0 0 0 0 0 0 1 0 0 0 0 1 0 0 1 0 1 0 1 0 0 1 0 0
-0.154896228 0 0 1 0 0 0 0 1 0 0 0 0 0 1 0 0 1 0 0 1 1 0 0 1 0 0
-0.154896228 0 0 0 0 0 1 0 0 1 0 0 0 1 0 0 0 1 0 1 0 1 0 0 0 0 0
-0.154896228 0 0 0 0 0 1 0 0 1 0 0 0 1 0 0 0 1 0 1 0 1 0 0 1 0 0
3.147491346 0 0 0 1 0 0 0 0 0 1 0 0 0 1 0 0 1 0 1 0 1 0 0 0 0 0
-0.154896228 0 1 0 0 0 0 0 0 1 0 0 0 0 1 0 0 1 1 0 0 1 0 0 0 0 0
-0.154896228 0 0 0 0 0 1 0 0 1 0 0 0 1 0 0 0 1 0 0 1 1 0 0 0 1 0
-0.154896228 0 0 0 0 0 1 0 1 0 0 0 0 1 0 0 0 1 0 1 0 1 0 0 1 0 0
-0.154896228 0 0 0 1 0 0 0 0 0 1 0 0 0 0 0 1 0 0 1 0 1 0 0 0 0 0
-0.154896228 0 0 1 0 0 0 0 0 0 1 0 0 0 0 1 0 1 0 0 1 1 0 0 1 0 0
-0.154896228 0 0 1 0 0 0 0 0 0 1 0 0 0 0 1 0 1 0 0 1 1 0 0 1 0 0
-0.154896228 0 0 0 1 0 0 0 0 1 0 0 0 0 0 1 0 1 0 0 1 1 0 0 1 0 0
-0.154896228 0 0 1 0 0 0 0 0 1 0 0 0 0 0 1 0 1 0 0 1 1 0 0 1 0 0
-0.154896228 0 0 0 0 0 1 0 0 1 0 0 0 1 0 0 0 1 0 1 0 1 0 0 1 0 0
-0.154896228 0 1 0 0 0 0 0 0 0 1 0 0 0 1 0 0 0 0 1 0 0 0 1 0 0 0
-0.154896228 0 1 0 0 0 0 0 0 1 0 0 0 0 1 0 0 1 0 0 1 1 0 0 0 0 0
-0.154896228 0 0 0 0 0 1 0 0 1 0 0 0 1 0 0 0 1 0 1 0 1 0 0 0 1 0
-0.154896228 0 0 0 0 0 1 0 1 0 0 0 0 1 0 0 0 1 0 0 1 1 0 0 1 0 0
-0.154896228 0 0 0 1 0 0 0 0 0 1 0 0 0 0 1 0 1 0 1 0 1 0 0 0 0 0
-0.154896228 0 0 1 0 0 0 0 0 0 0 0 1 0 0 1 0 1 0 0 1 1 0 0 0 0 0
-0.154896228 0 0 1 0 0 0 0 0 0 1 0 0 0 1 0 0 1 0 0 1 1 0 0 0 0 0
-0.154896228 0 0 0 1 0 0 0 0 0 0 0 1 0 0 1 0 1 0 0 1 1 0 0 0 0 1
-0.154896228 0 0 1 0 0 0 0 0 0 0 0 1 0 0 1 0 1 0 0 1 1 0 0 0 0 0
-0.154896228 0 0 0 0 0 1 0 1 0 0 0 0 1 0 0 0 1 0 0 1 1 0 0 1 0 0
-0.154896228 0 0 0 0 0 1 0 0 1 0 0 0 1 0 0 0 1 0 0 1 1 0 0 1 1 0
-0.154896228 0 1 0 0 0 0 0 0 0 1 0 0 0 1 0 0 1 0 1 0 1 0 0 0 0 0
-0.154896228 0 1 0 0 0 0 0 0 1 0 0 0 0 1 0 0 1 0 1 0 1 0 0 0 0 0
-0.154896228 0 0 0 0 0 1 0 0 1 0 0 0 1 0 0 0 1 0 0 1 1 0 0 0 1 0
-0.154896228 0 0 1 0 0 0 0 0 0 0 0 1 0 0 1 0 0 0 1 0 1 0 0 0 0 0
-0.154896228 1 0 0 0 0 0 1 0 0 0 0 0 0 1 0 0 1 0 1 0 1 0 0 0 0 0
-0.154896228 0 0 0 1 0 0 0 0 0 0 0 1 0 0 1 0 1 0 1 0 1 0 0 0 0 0
-0.154896228 0 0 1 0 0 0 0 0 0 0 0 1 0 0 1 0 1 0 0 1 1 0 0 0 0 0
-0.154896228 0 0 0 0 0 1 0 1 0 0 0 0 1 0 0 0 1 0 0 1 1 0 0 1 0 0
-0.154896228 0 0 0 0 0 1 0 0 1 0 0 0 1 0 0 0 1 0 0 1 1 0 0 1 1 0
-0.154896228 0 0 0 0 0 1 0 0 1 0 0 0 1 0 0 0 1 1 0 0 1 0 0 0 0 0
-0.154896228 0 0 0 0 0 1 0 0 1 0 0 0 1 0 0 0 1 0 0 1 1 0 0 0 1 0
-0.154896228 0 0 1 0 0 0 0 0 0 1 0 0 0 0 1 0 1 0 1 0 1 0 0 0 0 0
3.147491346 0 0 0 0 1 0 0 0 0 0 0 1 0 0 0 1 1 0 1 0 1 0 0 0 0 1
-0.154896228 0 0 0 1 0 0 0 0 0 0 0 1 0 0 0 1 0 0 0 1 1 0 0 0 0 1
6.44987892 0 0 1 0 0 0 0 0 0 1 0 0 0 0 1 0 1 0 0 1 1 0 0 1 0 0
-0.154896228 0 1 0 0 0 0 0 1 0 0 0 0 0 1 0 0 1 0 0 1 1 0 0 1 0 0
-0.154896228 0 0 0 0 0 1 0 1 0 0 0 0 1 0 0 0 1 0 1 0 1 0 0 1 0 0
-0.154896228 1 0 0 0 0 0 1 0 0 0 0 0 0 1 0 0 1 0 0 1 1 0 0 1 0 0
-0.154896228 0 0 0 0 0 1 0 0 1 0 0 0 1 0 0 0 1 0 1 0 1 0 0 0 1 0
-0.154896228 0 0 1 0 0 0 0 0 0 1 0 0 0 0 1 0 1 0 1 0 1 0 0 0 0 0
-0.154896228 0 0 0 1 0 0 0 0 0 0 0 1 0 0 0 1 0 0 1 0 0 0 1 0 0 1
-0.154896228 0 0 0 0 1 0 0 0 0 0 0 1 0 0 0 1 1 0 0 1 1 0 0 0 0 1
9.752266494 0 0 1 0 0 0 0 0 0 0 0 1 0 0 0 1 0 0 0 1 1 0 0 0 0 1
-0.154896228 0 1 0 0 0 0 0 0 1 0 0 0 0 0 1 0 1 0 1 0 1 0 0 1 0 0
-0.154896228 0 0 0 0 0 1 0 0 1 0 0 0 1 0 0 0 1 0 0 1 1 0 0 1 0 0
-0.154896228 0 0 1 0 0 0 0 0 0 1 0 0 0 0 1 0 1 0 0 1 1 0 0 1 0 0
-0.154896228 0 0 1 0 0 0 0 0 1 0 0 0 0 1 0 0 1 0 0 1 1 0 0 1 0 0
-0.154896228 0 0 0 0 0 1 0 0 1 0 0 0 1 0 0 0 1 0 1 0 1 0 0 1 1 0
-0.154896228 1 0 0 0 0 0 1 0 0 0 0 0 0 1 0 0 1 0 0 1 1 0 0 1 0 0
-0.154896228 0 0 0 0 0 1 0 0 1 0 0 0 1 0 0 0 1 0 1 0 1 0 0 0 1 0
-0.154896228 0 0 1 0 0 0 0 0 1 0 0 0 0 1 0 0 1 1 0 0 1 0 0 0 0 0
-0.154896228 0 0 0 1 0 0 0 0 0 0 0 1 0 0 0 1 0 0 0 1 0 0 1 0 0 1
-0.154896228 0 0 0 0 1 0 0 0 0 0 0 1 0 0 1 0 1 0 1 0 1 0 0 0 0 1
16.35704164 0 0 0 1 0 0 0 0 0 0 0 1 0 0 0 1 0 0 0 1 0 0 1 0 0 1
-0.154896228 0 1 0 0 0 0 0 1 0 0 0 0 0 0 1 0 1 0 1 0 1 0 0 1 0 0
-0.154896228 1 0 0 0 0 0 0 0 1 0 0 0 0 1 0 0 1 0 0 1 1 0 0 1 0 0
-0.154896228 0 0 1 0 0 0 0 0 0 1 0 0 0 1 0 0 1 0 0 1 1 0 0 0 0 0
-0.154896228 0 1 0 0 0 0 0 1 0 0 0 0 0 1 0 0 1 0 0 1 1 0 0 1 0 0
-0.154896228 0 0 0 0 0 1 0 0 1 0 0 0 1 0 0 0 1 0 0 1 1 0 0 1 1 0
-0.154896228 0 1 0 0 0 0 0 1 0 0 0 0 0 1 0 0 1 0 1 0 1 0 0 1 0 0
-0.154896228 0 0 0 0 0 1 0 0 1 0 0 0 1 0 0 0 1 0 1 0 1 0 0 0 1 0
-0.154896228 0 0 0 0 0 1 0 0 1 0 0 0 1 0 0 0 0 0 1 0 1 0 0 0 0 0
6.44987892 0 0 0 1 0 0 0 0 0 0 0 1 0 0 0 1 0 0 1 0 0 0 1 0 0 1
-0.154896228 0 0 0 1 0 0 0 0 0 0 0 1 0 0 1 0 1 0 0 1 1 0 0 0 0 1
-0.154896228 0 0 0 1 0 0 0 0 0 0 0 1 0 0 0 1 0 0 1 0 0 0 1 0 0 1
-0.154896228 1 0 0 0 0 0 0 0 1 0 0 0 0 1 0 0 1 0 1 0 1 0 0 1 0 0
-0.154896228 0 0 0 1 0 0 0 0 0 1 0 0 0 0 1 0 1 0 0 1 1 0 0 0 0 0
-0.154896228 0 0 1 0 0 0 0 1 0 0 0 0 0 0 1 0 1 0 0 1 1 0 0 1 0 0
-0.154896228 0 0 0 0 0 1 0 0 1 0 0 0 1 0 0 0 1 0 1 0 1 0 0 1 1 0
-0.154896228 0 1 0 0 0 0 0 1 0 0 0 0 0 1 0 0 1 0 0 1 1 0 0 1 0 0
-0.154896228 0 0 0 0 0 1 0 0 1 0 0 0 1 0 0 0 1 0 0 1 1 0 0 0 0 0
-0.154896228 0 0 0 1 0 0 0 0 0 0 0 1 0 0 0 1 0 0 1 0 0 1 0 0 0 1
-0.154896228 0 0 0 1 0 0 0 0 0 1 0 0 0 0 1 0 1 0 1 0 1 0 0 0 0 0
-0.154896228 0 0 0 0 0 1 0 0 1 0 0 0 1 0 0 0 1 0 1 0 1 0 0 1 0 0
-0.154896228 0 0 0 1 0 0 0 0 0 1 0 0 0 1 0 0 0 0 1 0 1 0 0 0 0 0
-0.154896228 0 0 1 0 0 0 0 1 0 0 0 0 0 0 1 0 1 0 0 1 1 0 0 0 0 0
-0.154896228 0 0 0 0 0 1 0 0 1 0 0 0 1 0 0 0 1 0 1 0 1 0 0 1 1 0
-0.154896228 0 0 0 0 0 1 0 1 0 0 0 0 1 0 0 0 1 0 0 1 1 0 0 1 0 0
-0.154896228 0 0 1 0 0 0 0 0 1 0 0 0 0 1 0 0 1 0 0 1 1 0 0 1 0 0
-0.154896228 0 0 0 0 0 1 0 1 0 0 0 0 1 0 0 0 1 0 1 0 1 0 0 1 1 0
-0.154896228 0 0 0 1 0 0 0 0 0 0 0 1 0 0 0 1 0 0 1 0 0 1 0 0 0 1
-0.154896228 0 0 0 0 1 0 0 0 1 0 0 0 0 0 1 0 0 0 1 0 1 0 0 0 0 0
-0.154896228 0 0 1 0 0 0 0 0 1 0 0 0 0 0 1 0 1 0 0 1 1 0 0 1 0 0
-0.154896228 0 0 0 0 0 1 0 0 1 0 0 0 1 0 0 0 1 0 0 1 1 0 0 1 0 0
-0.154896228 0 0 1 0 0 0 0 0 1 0 0 0 0 1 0 0 1 0 0 1 1 0 0 0 0 0
-0.154896228 0 0 1 0 0 0 0 0 0 1 0 0 0 0 1 0 1 0 1 0 1 0 0 0 0 0
-0.154896228 0 0 0 0 0 1 0 0 0 1 0 0 1 0 0 0 1 0 0 1 1 0 0 1 1 0
-0.154896228 0 0 1 0 0 0 0 0 1 0 0 0 0 1 0 0 1 0 1 0 1 0 0 1 0 0
-0.154896228 0 0 0 0 0 1 0 0 1 0 0 0 1 0 0 0 1 0 1 0 1 0 0 1 1 0
-0.154896228 0 1 0 0 0 0 0 0 1 0 0 0 0 1 0 0 1 0 0 1 1 0 0 1 0 0
-0.154896228 0 0 0 0 0 1 0 0 1 0 0 0 1 0 0 0 1 0 1 0 1 0 0 0 1 0
3.147491346 0 0 0 1 0 0 0 0 0 0 0 1 0 0 0 1 0 0 0 1 1 0 0 0 0 1
-0.154896228 0 0 0 0 1 0 0 0 0 1 0 0 0 0 1 0 0 0 1 0 1 0 0 0 0 0
-0.154896228 0 1 0 0 0 0 0 0 1 0 0 0 0 1 0 0 1 0 1 0 1 0 0 0 0 0
-0.154896228 0 0 1 0 0 0 0 0 0 1 0 0 0 0 1 0 1 0 1 0 1 0 0 0 0 0
-0.154896228 0 0 0 0 0 1 0 0 0 1 0 0 1 0 0 0 1 0 1 0 1 0 0 1 1 0
-0.154896228 1 0 0 0 0 0 1 0 0 0 0 0 0 1 0 0 1 0 0 1 1 0 0 1 0 0
-0.154896228 0 0 0 0 0 1 0 0 1 0 0 0 1 0 0 0 1 0 0 1 1 0 0 1 1 0
-0.154896228 0 0 1 0 0 0 0 0 0 1 0 0 0 1 0 0 1 0 0 1 1 0 0 1 0 0
-0.154896228 0 0 1 0 0 0 0 0 0 0 1 0 0 1 0 0 1 0 0 1 1 0 0 0 0 0
3.147491346 0 0 1 0 0 0 0 0 1 0 0 0 0 1 0 0 1 0 0 1 1 0 0 1 0 0
-0.154896228 0 0 0 1 0 0 0 0 0 0 0 1 0 0 0 1 0 0 1 0 1 0 0 0 0 0
-0.154896228 0 0 0 0 1 0 0 0 0 1 0 0 0 0 1 0 1 0 1 0 1 0 0 0 0 0
-0.154896228 0 1 0 0 0 0 0 0 1 0 0 0 0 1 0 0 1 0 1 0 1 0 0 0 0 0
3.147491346 0 0 1 0 0 0 0 0 0 1 0 0 0 0 1 0 1 1 0 0 1 0 0 0 0 0
-0.154896228 0 0 0 0 0 1 0 0 0 1 0 0 1 0 0 0 1 0 1 0 1 0 0 1 1 0
-0.154896228 0 0 0 0 0 1 0 0 1 0 0 0 1 0 0 0 1 0 1 0 1 0 0 1 1 0
-0.154896228 0 0 1 0 0 0 0 0 0 1 0 0 0 1 0 0 1 0 1 0 1 0 0 1 0 0
-0.154896228 0 0 1 0 0 0 0 0 0 0 1 0 0 1 0 0 1 0 0 1 1 0 0 0 0 0
-0.154896228 0 0 1 0 0 0 0 0 1 0 0 0 0 1 0 0 1 0 0 1 1 0 0 1 0 0
-0.154896228 0 0 0 0 0 1 0 0 1 0 0 0 1 0 0 0 1 1 0 0 1 0 0 0 0 0
-0.154896228 0 0 0 0 1 0 0 0 1 0 0 0 0 0 1 0 1 0 0 1 1 0 0 0 0 0
-0.154896228 0 0 0 0 0 1 0 0 1 0 0 0 1 0 0 0 1 0 0 1 1 0 0 1 1 0
-0.154896228 1 0 0 0 0 0 1 0 0 0 0 0 0 0 1 0 1 0 1 0 1 0 0 1 0 0
-0.154896228 0 0 1 0 0 0 0 0 0 0 1 0 0 1 0 0 1 0 1 0 1 0 0 0 0 0
-0.154896228 0 0 1 0 0 0 0 1 0 0 0 0 0 1 0 0 1 0 0 1 1 0 0 1 0 0
-0.154896228 0 0 1 0 0 0 0 0 0 1 0 0 0 0 1 0 0 0 0 1 0 1 0 1 0 0
-0.154896228 0 0 0 0 0 1 0 0 1 0 0 0 1 0 0 0 1 0 1 0 1 0 0 1 1 0
-0.154896228 0 1 0 0 0 0 0 1 0 0 0 0 0 1 0 0 1 0 0 1 1 0 0 1 0 0
-0.154896228 0 1 0 0 0 0 0 1 0 0 0 0 0 1 0 0 1 0 1 0 1 0 0 1 0 0
-0.154896228 0 0 1 0 0 0 0 0 0 0 1 0 0 1 0 0 1 0 1 0 1 0 0 0 0 0
-0.154896228 0 1 0 0 0 0 0 0 1 0 0 0 0 1 0 0 1 0 1 0 1 0 0 1 0 0
-0.154896228 0 0 0 1 0 0 0 0 0 1 0 0 0 0 1 0 1 0 1 0 1 0 0 0 0 0
-0.154896228 0 0 0 0 0 1 0 0 1 0 0 0 1 0 0 0 1 0 1 0 1 0 0 1 1 0
-0.154896228 0 1 0 0 0 0 0 0 1 0 0 0 0 1 0 0 1 0 0 1 1 0 0 1 0 0
-0.154896228 0 0 0 0 0 1 0 0 1 0 0 0 1 0 0 0 1 0 1 0 1 0 0 1 0 0
-0.154896228 0 0 1 0 0 0 0 0 1 0 0 0 0 1 0 0 1 0 0 1 1 0 0 0 0 0
-0.154896228 1 0 0 0 0 0 1 0 0 0 0 0 0 1 0 0 1 1 0 0 1 0 0 1 0 0
3.147491346 0 0 0 1 0 0 0 0 0 1 0 0 0 1 0 0 1 0 1 0 1 0 0 0 0 0
-0.154896228 0 0 0 0 0 1 0 0 1 0 0 0 1 0 0 0 1 0 0 1 1 0 0 1 1 0
-0.154896228 0 0 0 0 0 1 0 0 1 0 0 0 1 0 0 0 1 0 0 1 1 0 0 1 1 0
-0.154896228 0 0 0 0 0 1 0 0 1 0 0 0 1 0 0 0 1 0 1 0 1 0 0 1 0 0
-0.154896228 0 0 0 0 0 1 0 0 1 0 0 0 1 0 0 0 1 0 1 0 1 0 0 1 0 0
-0.154896228 0 0 1 0 0 0 0 0 0 0 1 0 0 1 0 0 1 0 0 1 1 0 0 0 0 0
-0.154896228 0 0 0 1 0 0 0 0 0 1 0 0 0 0 1 0 0 0 1 0 1 0 0 0 0 0
-0.154896228 0 0 1 0 0 0 0 0 1 0 0 0 0 1 0 0 1 0 0 1 1 0 0 1 0 0
-0.154896228 0 0 0 0 0 1 0 0 1 0 0 0 1 0 0 0 1 1 0 0 1 0 0 1 1 0
-0.154896228 0 0 0 0 0 1 0 0 1 0 0 0 1 0 0 0 1 0 1 0 1 0 0 1 0 0
-0.154896228 0 0 0 0 0 1 0 0 1 0 0 0 1 0 0 0 1 0 1 0 1 0 0 1 0 0
-0.154896228 0 0 1 0 0 0 0 0 1 0 0 0 0 1 0 0 1 0 1 0 1 0 0 0 0 0
-0.154896228 0 0 0 0 0 1 0 0 1 0 0 0 1 0 0 0 1 0 1 0 0 1 0 0 0 0
-0.154896228 0 0 0 0 0 1 0 0 1 0 0 0 1 0 0 0 0 0 1 0 1 0 0 1 0 0
-0.154896228 0 0 1 0 0 0 0 1 0 0 0 0 0 1 0 0 1 0 0 1 1 0 0 1 0 0
-0.154896228 0 0 0 0 0 1 0 0 1 0 0 0 1 0 0 0 1 0 1 0 1 0 0 1 1 0
-0.154896228 0 0 0 0 0 1 0 0 1 0 0 0 1 0 0 0 0 0 1 0 1 0 0 1 0 0
-0.154896228 0 1 0 0 0 0 0 0 1 0 0 0 0 1 0 0 1 0 1 0 1 0 0 0 0 0
-0.154896228 0 0 0 0 0 1 0 1 0 0 0 0 1 0 0 0 1 0 1 0 1 0 0 1 0 0
-0.154896228 1 0 0 0 0 0 1 0 0 0 0 0 0 1 0 0 1 1 0 0 1 0 0 1 0 0
